tau,z,PK,QQ,scattering_amp,|scattering_amp|2
0.001,-0.9999,-0.884395,-0.0035344,0.00258891+0.000805532i,-1.12456e+07
0.001,-0.930941,-0.823402,-0.0035344,0.00288375+0.00060701i,347.933
0.001,-0.861983,-0.76241,-0.0035344,0.00300717+0.000483719i,346.728
0.001,-0.793024,-0.701417,-0.0035344,0.0030964+0.000371188i,340.929
0.001,-0.724066,-0.640424,-0.0035344,0.00316505+0.000263312i,333.848
0.001,-0.655107,-0.579431,-0.0035344,0.00321817+0.00015799i,326.146
0.001,-0.586148,-0.518439,-0.0035344,0.00325818+5.43571e-05i,318.038
0.001,-0.51719,-0.457446,-0.0035344,0.00328645-4.79141e-05i,309.618
0.001,-0.448231,-0.396453,-0.0035344,0.00330378-0.000148866i,300.937
0.001,-0.379272,-0.33546,-0.0035344,0.00331069-0.000248368i,292.03
0.001,-0.310314,-0.274467,-0.0035344,0.00330756-0.00034617i,282.924
0.001,-0.241355,-0.213475,-0.0035344,0.00329462-0.000441933i,273.642
0.001,-0.172397,-0.152482,-0.0035344,0.00327209-0.000535246i,264.209
0.001,-0.103438,-0.0914892,-0.0035344,0.00324012-0.000625636i,254.647
0.001,-0.0344793,-0.0304964,-0.0035344,0.00319887-0.000712568i,244.98
0.001,0.0344793,0.0304964,-0.0035344,0.00314845-0.000795454i,235.233
0.001,0.103438,0.0914892,-0.0035344,0.00308901-0.000873642i,225.433
0.001,0.172397,0.152482,-0.0035344,0.00302066-0.000946418i,215.606
0.001,0.241355,0.213475,-0.0035344,0.00294355-0.00101299i,205.784
0.001,0.310314,0.274467,-0.0035344,0.00285777-0.0010725i,196.002
0.001,0.379272,0.33546,-0.0035344,0.00276343-0.00112394i,186.299
0.001,0.448231,0.396453,-0.0035344,0.00266059-0.00116621i,176.72
0.001,0.51719,0.457446,-0.0035344,0.00254923-0.001198i,167.324
0.001,0.586148,0.518439,-0.0035344,0.0024292-0.00121769i,158.187
0.001,0.655107,0.579431,-0.0035344,0.00230011-0.00122327i,149.424
0.001,0.724066,0.640424,-0.0035344,0.00216111-0.0012119i,141.231
0.001,0.793024,0.701417,-0.0035344,0.00201039-0.00117927i,134.023
0.001,0.861983,0.76241,-0.0035344,0.0018438-0.00111754i,128.977
0.001,0.930941,0.823402,-0.0035344,0.0016496-0.00100749i,131.942
0.001,0.9999,0.884395,-0.0035344,0.00130661-0.000670239i,-1.12149e+08
0.00423684,-0.9999,-0.887255,-0.0149747,0.0016+0.00158479i,-5.20371e+07
0.00423684,-0.930941,-0.826065,-0.0149747,0.00219527+0.00123406i,0.635487
0.00423684,-0.861983,-0.764875,-0.0149747,0.00247166+0.00102817i,0.5364
0.00423684,-0.793024,-0.703685,-0.0149747,0.00268538+0.000845258i,0.485797
0.00423684,-0.724066,-0.642495,-0.0149747,0.00286254+0.000673325i,0.444682
0.00423684,-0.655107,-0.581305,-0.0149747,0.00301297+0.00050806i,0.408143
0.00423684,-0.586148,-0.520115,-0.0149747,0.00314154+0.000347532i,0.375058
0.00423684,-0.51719,-0.458925,-0.0149747,0.00325098+0.000190841i,0.345126
0.00423684,-0.448231,-0.397735,-0.0149747,0.00334297+3.763e-05i,0.318282
0.00423684,-0.379272,-0.336545,-0.0149747,0.0034186-0.000112134i,0.294531
0.00423684,-0.310314,-0.275355,-0.0149747,0.00347859-0.000258274i,0.273893
0.00423684,-0.241355,-0.214165,-0.0149747,0.00352348-0.000400459i,0.256385
0.00423684,-0.172397,-0.152975,-0.0149747,0.00355365-0.000538244i,0.242013
0.00423684,-0.103438,-0.091785,-0.0149747,0.00356939-0.000671087i,0.230776
0.00423684,-0.0344793,-0.030595,-0.0149747,0.00357097-0.00079836i,0.222672
0.00423684,0.0344793,0.030595,-0.0149747,0.00355858-0.000919357i,0.217711
0.00423684,0.103438,0.091785,-0.0149747,0.00353243-0.00103329i,0.215929
0.00423684,0.172397,0.152975,-0.0149747,0.00349271-0.0011393i,0.217418
0.00423684,0.241355,0.214165,-0.0149747,0.00343957-0.00123641i,0.222361
0.00423684,0.310314,0.275355,-0.0149747,0.00337317-0.00132355i,0.231088
0.00423684,0.379272,0.336545,-0.0149747,0.00329362-0.0013995i,0.244171
0.00423684,0.448231,0.397735,-0.0149747,0.00320099-0.00146287i,0.26258
0.00423684,0.51719,0.458925,-0.0149747,0.00309521-0.00151199i,0.287966
0.00423684,0.586148,0.520115,-0.0149747,0.00297602-0.00154483i,0.323233
0.00423684,0.655107,0.581305,-0.0149747,0.0028428-0.00155875i,0.373767
0.00423684,0.724066,0.642495,-0.0149747,0.00269424-0.00155003i,0.450546
0.00423684,0.793024,0.703685,-0.0149747,0.00252759-0.00151291i,0.579509
0.00423684,0.861983,0.764875,-0.0149747,0.00233663-0.00143678i,0.839677
0.00423684,0.930941,0.826065,-0.0149747,0.0021037-0.00129539i,1.63832
0.00423684,0.9999,0.887255,-0.0149747,0.00164577-0.000842893i,-3.66501e+08
0.00747368,-0.9999,-0.890115,-0.026415,0.00057337+0.00205513i,-1.75694e+08
0.00747368,-0.930941,-0.828728,-0.026415,0.00149166+0.00162171i,0.209364
0.00747368,-0.861983,-0.76734,-0.026415,0.00193199+0.0013688i,0.0666561
0.00747368,-0.793024,-0.705953,-0.026415,0.00227878+0.00114458i,0.032505
0.00747368,-0.724066,-0.644566,-0.026415,0.00257157+0.000934028i,0.0181291
0.00747368,-0.655107,-0.583179,-0.026415,0.00282539+0.000731737i,0.0102457
0.00747368,-0.586148,-0.521791,-0.026415,0.00304773+0.00053525i,0.00515726
0.00747368,-0.51719,-0.460404,-0.026415,0.00324283+0.00034341i,0.00152891
0.00747368,-0.448231,-0.399017,-0.026415,0.0034133+0.000155733i,-0.0011796
0.00747368,-0.379272,-0.33763,-0.026415,0.00356084-2.78598e-05i,-0.00318578
0.00747368,-0.310314,-0.276243,-0.026415,0.00368659-0.000207186i,-0.00455782
0.00747368,-0.241355,-0.214855,-0.026415,0.00379138-0.000381876i,-0.00528711
0.00747368,-0.172397,-0.153468,-0.026415,0.00387581-0.000551416i,-0.00532096
0.00747368,-0.103438,-0.0920808,-0.026415,0.00394032-0.000715177i,-0.00457727
0.00747368,-0.0344793,-0.0306936,-0.026415,0.00398531-0.000872427i,-0.00294983
0.00747368,0.0344793,0.0306936,-0.026415,0.00401107-0.00102234i,-0.000307482
0.00747368,0.103438,0.0920808,-0.026415,0.0040179-0.00116398i,0.00351207
0.00747368,0.172397,0.153468,-0.026415,0.00400605-0.00129634i,0.00871437
0.00747368,0.241355,0.214855,-0.026415,0.00397577-0.00141827i,0.0155689
0.00747368,0.310314,0.276243,-0.026415,0.00392726-0.00152851i,0.0244434
0.00747368,0.379272,0.33763,-0.026415,0.00386068-0.0016256i,0.0358611
0.00747368,0.448231,0.399017,-0.026415,0.00377613-0.00170789i,0.0506024
0.00747368,0.51719,0.460404,-0.026415,0.00367354-0.00177339i,0.0698922
0.00747368,0.586148,0.521791,-0.026415,0.00355259-0.00181966i,0.0957767
0.00747368,0.655107,0.583179,-0.026415,0.00341246-0.00184351i,0.131957
0.00747368,0.724066,0.644566,-0.026415,0.00325146-0.00184045i,0.185891
0.00747368,0.793024,0.705953,-0.026415,0.00306596-0.00180348i,0.275232
0.00747368,0.861983,0.76734,-0.026415,0.00284779-0.0017197i,0.454389
0.00747368,0.930941,0.828728,-0.026415,0.00257357-0.0015572i,1.01138
0.00747368,0.9999,0.890115,-0.026415,0.00199928-0.00101747i,-5.70858e+08
0.0107105,-0.9999,-0.892975,-0.0378553,-0.000516618+0.00242015i,-3.28767e+08
0.0107105,-0.930941,-0.83139,-0.0378553,0.000754255+0.00192994i,0.330426
0.0107105,-0.861983,-0.769806,-0.0378553,0.00137298+0.00164357i,0.0842458
0.0107105,-0.793024,-0.708221,-0.0378553,0.00186419+0.00138917i,0.0317194
0.0107105,-0.724066,-0.646637,-0.0378553,0.00228216+0.00114977i,0.0127796
0.0107105,-0.655107,-0.585052,-0.0378553,0.00264762+0.000919236i,0.00445292
0.0107105,-0.586148,-0.523468,-0.0378553,0.00297094+0.000694789i,0.000388041
0.0107105,-0.51719,-0.461883,-0.0378553,0.00325799+0.000475122i,-0.00173404
0.0107105,-0.448231,-0.400299,-0.0378553,0.00351241+0.000259693i,-0.00288331
0.0107105,-0.379272,-0.338714,-0.0378553,0.00373658+4.84174e-05i,-0.00348187
0.0107105,-0.310314,-0.27713,-0.0378553,0.00393212-0.000158493i,-0.00369737
0.0107105,-0.241355,-0.215546,-0.0378553,0.00410017-0.000360611i,-0.00356651
0.0107105,-0.172397,-0.153961,-0.0378553,0.00424156-0.00055735i,-0.00305188
0.0107105,-0.103438,-0.0923767,-0.0378553,0.00435694-0.000747985i,-0.0020694
0.0107105,-0.0344793,-0.0307922,-0.0378553,0.00444683-0.000931677i,-0.000501094
0.0107105,0.0344793,0.0307922,-0.0378553,0.00451167-0.00110747i,0.00180093
0.0107105,0.103438,0.0923767,-0.0378553,0.00455184-0.00127432i,0.00501685
0.0107105,0.172397,0.153961,-0.0378553,0.0045677-0.00143103i,0.00936804
0.0107105,0.241355,0.215546,-0.0378553,0.00455958-0.00157629i,0.0151342
0.0107105,0.310314,0.27713,-0.0378553,0.00452779-0.00170865i,0.0226833
0.0107105,0.379272,0.338714,-0.0378553,0.00447256-0.00182642i,0.0325231
0.0107105,0.448231,0.400299,-0.0378553,0.00439404-0.00192769i,0.0453932
0.0107105,0.51719,0.461883,-0.0378553,0.00429219-0.00201015i,0.062437
0.0107105,0.586148,0.523468,-0.0378553,0.00416666-0.00207095i,0.085549
0.0107105,0.655107,0.585052,-0.0378553,0.00401652-0.00210639i,0.118148
0.0107105,0.724066,0.646637,-0.0378553,0.00383967-0.00211124i,0.167144
0.0107105,0.793024,0.708221,-0.0378553,0.00363172-0.0020773i,0.24902
0.0107105,0.861983,0.769806,-0.0378553,0.00338254-0.00198954i,0.415364
0.0107105,0.930941,0.83139,-0.0378553,0.00306307-0.0018108i,0.948759
0.0107105,0.9999,0.892975,-0.0378553,0.00236732-0.00119455i,-6.70283e+08
0.0139474,-0.9999,-0.895834,-0.0492956,-0.00167937+0.00272788i,-2.5079e+08
0.0139474,-0.930941,-0.834053,-0.0492956,-2.2618e-05+0.00219673i,0.539222
0.0139474,-0.861983,-0.772271,-0.0492956,0.000790721+0.00188549i,0.131882
0.0139474,-0.793024,-0.710489,-0.0492956,0.00143912+0.00160804i,0.0502991
0.0139474,-0.724066,-0.648708,-0.0492956,0.00199302+0.00134605i,0.0217699
0.0139474,-0.655107,-0.586926,-0.0492956,0.00247941+0.00109291i,0.00963316
0.0139474,-0.586148,-0.525144,-0.0492956,0.00291179+0.000845615i,0.00399386
0.0139474,-0.51719,-0.463363,-0.0492956,0.00329788+0.000602786i,0.00126464
0.0139474,-0.448231,-0.401581,-0.0492956,0.00364244+0.000363853i,-6.56953e-05
0.0139474,-0.379272,-0.339799,-0.0492956,0.00394859+0.000128745i,-0.00067411
0.0139474,-0.310314,-0.278018,-0.0492956,0.00421846-0.000102281i,-0.000853642
0.0139474,-0.241355,-0.216236,-0.0492956,0.00445357-0.000328739i,-0.000701759
0.0139474,-0.172397,-0.154454,-0.0492956,0.00465501-0.000549959i,-0.000207362
0.0139474,-0.103438,-0.0926725,-0.0492956,0.00482365-0.000765125i,0.000706499
0.0139474,-0.0344793,-0.0308908,-0.0492956,0.00496016-0.00097329i,0.00216158
0.0139474,0.0344793,0.0308908,-0.0492956,0.00506514-0.00117338i,0.00431553
0.0139474,0.103438,0.0926725,-0.0492956,0.0051391-0.00136421i,0.00736137
0.0139474,0.172397,0.154454,-0.0492956,0.00518252-0.00154443i,0.0115344
0.0139474,0.241355,0.216236,-0.0492956,0.00519584-0.00171257i,0.0171281
0.0139474,0.310314,0.278018,-0.0492956,0.00517949-0.00186696i,0.0245236
0.0139474,0.379272,0.339799,-0.0492956,0.0051338-0.00200572i,0.0342408
0.0139474,0.448231,0.401581,-0.0492956,0.00505903-0.00212666i,0.047031
0.0139474,0.51719,0.463363,-0.0492956,0.00495519-0.00222714i,0.0640513
0.0139474,0.586148,0.525144,-0.0492956,0.00482195-0.00230395i,0.0872177
0.0139474,0.655107,0.586926,-0.0492956,0.00465827-0.00235283i,0.119996
0.0139474,0.724066,0.648708,-0.0492956,0.00446175-0.00236782i,0.169428
0.0139474,0.793024,0.710489,-0.0492956,0.00422724-0.0023396i,0.252452
0.0139474,0.861983,0.772271,-0.0492956,0.0039427-0.00225104i,0.422879
0.0139474,0.930941,0.834053,-0.0492956,0.00357336-0.00205993i,0.985951
0.0139474,0.9999,0.895834,-0.0492956,0.00274991-0.00137405i,-5.86684e+08
0.0171842,-0.9999,-0.898694,-0.0607359,-0.00292147+0.00299861i,6.03175e+08
0.0171842,-0.930941,-0.836715,-0.0607359,-0.00084225+0.00243835i,0.840801
0.0171842,-0.861983,-0.774736,-0.0607359,0.000183504+0.00210891i,0.19527
0.0171842,-0.793024,-0.712757,-0.0607359,0.00100307+0.00181402i,0.0741443
0.0171842,-0.724066,-0.650778,-0.0607359,0.00170465+0.00153439i,0.0327158
0.0171842,-0.655107,-0.5888,-0.0607359,0.0023221+0.0012631i,0.0152769
0.0171842,-0.586148,-0.526821,-0.0607359,0.00287239+0.000997016i,0.00723682
0.0171842,-0.51719,-0.464842,-0.0607359,0.00336524+0.000734708i,0.00337968
0.0171842,-0.448231,-0.402863,-0.0607359,0.00380665+0.000475605i,0.00151496
0.0171842,-0.379272,-0.340884,-0.0607359,0.00420058+0.000219665i,0.000651172
0.0171842,-0.310314,-0.278905,-0.0607359,0.00454971-3.28084e-05i,0.000342614
0.0171842,-0.241355,-0.216926,-0.0607359,0.00485598-0.000281261i,0.000418513
0.0171842,-0.172397,-0.154947,-0.0607359,0.00512079-0.000524948i,0.000858432
0.0171842,-0.103438,-0.0929684,-0.0607359,0.00534522-0.000762959i,0.00173081
0.0171842,-0.0344793,-0.0309895,-0.0607359,0.00553017-0.000994244i,0.00316193
0.0171842,0.0344793,0.0309895,-0.0607359,0.00567639-0.00121761i,0.00532144
0.0171842,0.103438,0.0929684,-0.0607359,0.00578454-0.00143173i,0.00841865
0.0171842,0.172397,0.154947,-0.0607359,0.00585526-0.00163512i,0.0127078
0.0171842,0.241355,0.216926,-0.0607359,0.00588914-0.00182614i,0.0185034
0.0171842,0.310314,0.278905,-0.0607359,0.00588673-0.00200292i,0.0262104
0.0171842,0.379272,0.340884,-0.0607359,0.00584853-0.00216336i,0.0363769
0.0171842,0.448231,0.402863,-0.0607359,0.0057749-0.00230499i,0.049792
0.0171842,0.51719,0.464842,-0.0607359,0.00566598-0.00242489i,0.0676686
0.0171842,0.586148,0.526821,-0.0607359,0.00552148-0.00251942i,0.0920177
0.0171842,0.655107,0.5888,-0.0607359,0.00534031-0.00258382i,0.126488
0.0171842,0.724066,0.650778,-0.0607359,0.00511982-0.00261138i,0.178531
0.0171842,0.793024,0.712757,-0.0607359,0.00485414-0.00259167i,0.26621
0.0171842,0.861983,0.774736,-0.0607359,0.00452938-0.00250549i,0.447701
0.0171842,0.930941,0.836715,-0.0607359,0.00410503-0.00230571i,1.0645
0.0171842,0.9999,0.898694,-0.0607359,0.00314698-0.00155573i,-2.07419e+08
0.0204211,-0.9999,-0.901554,-0.0721762,-0.00424867+0.003243i,3.15646e+09
0.0204211,-0.930941,-0.839378,-0.0721762,-0.00170707+0.00266353i,1.26681
0.0204211,-0.861983,-0.777202,-0.0721762,-0.000449556+0.00232174i,0.277327
0.0204211,-0.793024,-0.715025,-0.0721762,0.000556356+0.00201437i,0.1036
0.0204211,-0.724066,-0.652849,-0.0721762,0.00141834+0.00172154i,0.0456151
0.0204211,-0.655107,-0.590673,-0.0721762,0.00217782+0.0014361i,0.0214755
0.0204211,-0.586148,-0.528497,-0.0721762,0.00285557+0.00115487i,0.0104081
0.0204211,-0.51719,-0.466321,-0.0721762,0.00346349+0.000876378i,0.00511515
0.0204211,-0.448231,-0.404145,-0.0721762,0.00400898+0.000600084i,0.00255563
0.0204211,-0.379272,-0.341969,-0.0721762,0.00449689+0.000325975i,0.00135108
0.0204211,-0.310314,-0.279793,-0.0721762,0.00493054+5.44063e-05i,0.000870731
0.0204211,-0.241355,-0.217616,-0.0721762,0.00531232-0.000214005i,0.000856313
0.0204211,-0.172397,-0.15544,-0.0721762,0.00564398-0.000478436i,0.00125059
0.0204211,-0.103438,-0.0932642,-0.0721762,0.00592686-0.000737891i,0.00211284
0.0204211,-0.0344793,-0.0310881,-0.0721762,0.00616209-0.000991217i,0.00357572
0.0204211,0.0344793,0.0310881,-0.0721762,0.0063506-0.00123711i,0.00582413
0.0204211,0.103438,0.0932642,-0.0721762,0.00649326-0.00147411i,0.00908781
0.0204211,0.172397,0.15544,-0.0721762,0.00659086-0.0017006i,0.0136449
0.0204211,0.241355,0.217616,-0.0721762,0.00664418-0.00191476i,0.019837
0.0204211,0.310314,0.279793,-0.0721762,0.00665395-0.00211453i,0.0281001
0.0204211,0.379272,0.341969,-0.0721762,0.00662084-0.00229759i,0.039021
0.0204211,0.448231,0.404145,-0.0721762,0.00654538-0.00246123i,0.053441
0.0204211,0.51719,0.466321,-0.0721762,0.00642787-0.00260218i,0.0726522
0.0204211,0.586148,0.528497,-0.0721762,0.00626811-0.00271642i,0.0987995
0.0204211,0.655107,0.590673,-0.0721762,0.00606502-0.00279866i,0.135786
0.0204211,0.724066,0.652849,-0.0721762,0.00581576-0.00284148i,0.191619
0.0204211,0.793024,0.715025,-0.0721762,0.00551379-0.0028333i,0.285845
0.0204211,0.861983,0.777202,-0.0721762,0.00514344-0.00275289i,0.482202
0.0204211,0.930941,0.839378,-0.0721762,0.00465844-0.00254826i,1.16758
0.0204211,0.9999,0.901554,-0.0721762,0.00355843-0.00173927i,6.29283e+08
0.0236579,-0.9999,-0.904414,-0.0836165,-0.00566643+0.0034674i,8.82436e+09
0.0236579,-0.930941,-0.84204,-0.0836165,-0.0026191+0.00287763i,1.85978
0.0236579,-0.861983,-0.779667,-0.0836165,-0.00110886+0.00252902i,0.38328
0.0236579,-0.793024,-0.717294,-0.0836165,9.97987e-05+0.00221395i,0.140175
0.0236579,-0.724066,-0.65492,-0.0836165,0.00113594+0.00191218i,0.0611356
0.0236579,-0.655107,-0.592547,-0.0836165,0.00204926+0.00161647i,0.0286618
0.0236579,-0.586148,-0.530174,-0.0836165,0.00286472+0.00132361i,0.0138862
0.0236579,-0.51719,-0.4678,-0.0836165,0.00359663+0.00103215i,0.00685529
0.0236579,-0.448231,-0.405427,-0.0836165,0.0042539+0.00074155i,0.0034652
0.0236579,-0.379272,-0.343053,-0.0836165,0.0048424+0.000451848i,0.00186111
0.0236579,-0.310314,-0.28068,-0.0836165,0.00536615+0.000163446i,0.00118759
0.0236579,-0.241355,-0.218307,-0.0836165,0.00582802-0.000122979i,0.00108163
0.0236579,-0.172397,-0.155933,-0.0836165,0.00623015-0.000406533i,0.00144274
0.0236579,-0.103438,-0.09356,-0.0836165,0.0065742-0.000686138i,0.00232004
0.0236579,-0.0344793,-0.0311867,-0.0836165,0.00686154-0.000960548i,0.00385442
0.0236579,0.0344793,0.0311867,-0.0836165,0.00709334-0.00122835i,0.0062493
0.0236579,0.103438,0.09356,-0.0836165,0.00727066-0.00148796i,0.00975894
0.0236579,0.172397,0.155933,-0.0836165,0.00739453-0.00173763i,0.0146898
0.0236579,0.241355,0.218307,-0.0836165,0.00746592-0.00197535i,0.0214154
0.0236579,0.310314,0.28068,-0.0836165,0.00748577-0.00219892i,0.0304082
0.0236579,0.379272,0.343053,-0.0836165,0.00745498-0.00240577i,0.0423004
0.0236579,0.448231,0.405427,-0.0836165,0.0073743-0.00259293i,0.0579945
0.0236579,0.51719,0.4678,-0.0836165,0.00724422-0.00275682i,0.0788753
0.0236579,0.586148,0.530174,-0.0836165,0.0070647-0.00289303i,0.107244
0.0236579,0.655107,0.592547,-0.0836165,0.00683474-0.00299574i,0.147299
0.0236579,0.724066,0.65492,-0.0836165,0.00655135-0.00305679i,0.207686
0.0236579,0.793024,0.717294,-0.0836165,0.00620742-0.00306348i,0.309641
0.0236579,0.861983,0.779667,-0.0836165,0.00578556-0.00299257i,0.523198
0.0236579,0.930941,0.84204,-0.0836165,0.00523376-0.00278721i,1.28788
0.0236579,0.9999,0.904414,-0.0836165,0.00398406-0.00192431i,2.15588e+09
0.0268947,-0.9999,-0.907273,-0.0950568,-0.00718015+0.00367582i,1.96507e+10
0.0268947,-0.930941,-0.844703,-0.0950568,-0.00358011+0.00308425i,2.67326
0.0268947,-0.861983,-0.782132,-0.0950568,-0.00179448+0.00273432i,0.519703
0.0268947,-0.793024,-0.719562,-0.0950568,-0.000365372+0.00241634i,0.185725
0.0268947,-0.724066,-0.656991,-0.0950568,0.000859719+0.00210997i,0.0800076
0.0268947,-0.655107,-0.594421,-0.0950568,0.00193957+0.00180794i,0.0372015
0.0268947,-0.586148,-0.53185,-0.0950568,0.00290373+0.00150706i,0.0179044
0.0268947,-0.51719,-0.469279,-0.0950568,0.00376916+0.00120589i,0.00878646
0.0268947,-0.448231,-0.406709,-0.0950568,0.00454645+0.000903944i,0.00441625
0.0268947,-0.379272,-0.344138,-0.0950568,0.00524254+0.00060128i,0.00235268
0.0268947,-0.310314,-0.281568,-0.0950568,0.00586226+0.00029835i,0.00146718
0.0268947,-0.241355,-0.218997,-0.0950568,0.00640901-4.1148e-06i,0.0012708
0.0268947,-0.172397,-0.156426,-0.0950568,0.00688538-0.000305158i,0.00161168
0.0268947,-0.103438,-0.0938559,-0.0950568,0.00729337-0.000603626i,0.00252725
0.0268947,-0.0344793,-0.0312853,-0.0950568,0.00763462-0.000898187i,0.00416829
0.0268947,0.0344793,0.0312853,-0.0950568,0.00791058-0.00118733i,0.00676006
0.0268947,0.103438,0.0938559,-0.0950568,0.00812257-0.00146936i,0.0105852
0.0268947,0.172397,0.156426,-0.0950568,0.00827183-0.00174237i,0.0159827
0.0268947,0.241355,0.218997,-0.0950568,0.0083596-0.00200424i,0.0233618
0.0268947,0.310314,0.281568,-0.0950568,0.00838708-0.00225255i,0.0332359
0.0268947,0.379272,0.344138,-0.0950568,0.00835542-0.00248454i,0.0462865
0.0268947,0.448231,0.406709,-0.0950568,0.00826564-0.00269696i,0.0634828
0.0268947,0.51719,0.469279,-0.0950568,0.0081185-0.00288595i,0.0863096
0.0268947,0.586148,0.53185,-0.0950568,0.00791418-0.00304666i,0.117236
0.0268947,0.655107,0.594421,-0.0950568,0.0076518-0.00317277i,0.160776
0.0268947,0.724066,0.656991,-0.0950568,0.00732834-0.00325539i,0.226257
0.0268947,0.793024,0.719562,-0.0950568,0.00693619-0.00328068i,0.336707
0.0268947,0.861983,0.782132,-0.0950568,0.00645631-0.00322338i,0.568874
0.0268947,0.930941,0.844703,-0.0950568,0.00583106-0.00302184i,1.42125
0.0268947,0.9999,0.907273,-0.0950568,0.00442365-0.00211042i,4.70687e+09
0.0301316,-0.9999,-0.910133,-0.106497,-0.00879531+0.00387097i,3.84712e+10
0.0301316,-0.930941,-0.847365,-0.106497,-0.00459167+0.00328597i,3.77361
0.0301316,-0.861983,-0.784598,-0.106497,-0.00250619+0.00294038i,0.694627
0.0301316,-0.793024,-0.72183,-0.106497,-0.000837564+0.00262448i,0.242465
0.0301316,-0.724066,-0.659062,-0.106497,0.000592387+0.00231803i,0.103051
0.0301316,-0.655107,-0.596294,-0.106497,0.00185239+0.00201383i,0.0474517
0.0301316,-0.586148,-0.533526,-0.106497,0.00297701+0.00170873i,0.0226422
0.0301316,-0.51719,-0.470759,-0.106497,0.00398614+0.00140133i,0.0110168
0.0301316,-0.448231,-0.407991,-0.106497,0.00489217+0.00109116i,0.00548879
0.0301316,-0.379272,-0.345223,-0.106497,0.00570329+0.000778317i,0.00289594
0.0301316,-0.310314,-0.282455,-0.106497,0.00642515+0.0004633i,0.00177721
0.0301316,-0.241355,-0.219687,-0.106497,0.0070618+0.000146881i,0.00149181
0.0301316,-0.172397,-0.15692,-0.106497,0.00761629-0.000169928i,0.00182641
0.0301316,-0.103438,-0.0941517,-0.106497,0.00809101-0.000485912i,0.00280445
0.0301316,-0.0344793,-0.0313839,-0.106497,0.00848793-0.000799662i,0.0045882
0.0301316,0.0344793,0.0313839,-0.106497,0.0088088-0.00110958i,0.00742805
0.0301316,0.103438,0.0941517,-0.106497,0.00905521-0.00141386i,0.011639
0.0301316,0.172397,0.15692,-0.106497,0.00922871-0.00171047i,0.0175961
0.0301316,0.241355,0.219687,-0.106497,0.00933082-0.00199715i,0.0257482
0.0301316,0.310314,0.282455,-0.106497,0.00936305-0.0022713i,0.0366522
0.0301316,0.379272,0.345223,-0.106497,0.00932685-0.00252995i,0.0510416
0.0301316,0.448231,0.407991,-0.106497,0.00922359-0.00276961i,0.0699542
0.0301316,0.51719,0.470759,-0.106497,0.00905432-0.00298609i,0.0949771
0.0301316,0.586148,0.533526,-0.106497,0.00881954-0.00317416i,0.12875
0.0301316,0.655107,0.596294,-0.106497,0.00851858-0.00332696i,0.176106
0.0301316,0.724066,0.659062,-0.106497,0.00814846-0.00343488i,0.247062
0.0301316,0.793024,0.72183,-0.106497,0.00770118-0.00348293i,0.366451
0.0301316,0.861983,0.784598,-0.106497,0.00715617-0.00344385i,0.617888
0.0301316,0.930941,0.847365,-0.106497,0.00645025-0.0032512i,1.56481
0.0301316,0.9999,0.910133,-0.106497,0.00487687-0.00229714i,8.76341e+09
0.0333684,-0.9999,-0.912993,-0.117937,-0.0105175+0.00405468i,6.91083e+10
0.0333684,-0.930941,-0.850028,-0.117937,-0.00565522+0.00348474i,5.24233
0.0333684,-0.861983,-0.787063,-0.117937,-0.0032435+0.00314943i,0.917802
0.0333684,-0.793024,-0.724098,-0.117937,-0.00131482+0.00284091i,0.313055
0.0333684,-0.724066,-0.661133,-0.117937,0.000337083+0.00253923i,0.131229
0.0333684,-0.655107,-0.598168,-0.117937,0.00179183+0.00223732i,0.0598088
0.0333684,-0.586148,-0.535203,-0.117937,0.00308949+0.0019321i,0.0282771
0.0333684,-0.51719,-0.472238,-0.117937,0.00425315+0.0016222i,0.013633
0.0333684,-0.448231,-0.409273,-0.117937,0.00529721+0.00130718i,0.00673223
0.0333684,-0.379272,-0.346308,-0.117937,0.0062312+0.000987186i,0.0035258
0.0333684,-0.310314,-0.283343,-0.117937,0.00706171+0.000662727i,0.00214808
0.0333684,-0.241355,-0.220378,-0.117937,0.00779347+0.000334617i,0.00177485
0.0333684,-0.172397,-0.157413,-0.117937,0.00843007+3.90861e-06i,0.00211888
0.0333684,-0.103438,-0.0944476,-0.117937,0.00897433-0.000328131i,0.0031865
0.0333684,-0.0344793,-0.0314825,-0.117937,0.00942859-0.00066003i,0.00515287
0.0333684,0.0344793,0.0314825,-0.117937,0.00979494-0.00099011i,0.00829686
0.0333684,0.103438,0.0944476,-0.117937,0.0100753-0.00131648i,0.0129697
0.0333684,0.172397,0.157413,-0.117937,0.0102716-0.00163699i,0.0195865
0.0333684,0.241355,0.220378,-0.117937,0.0103856-0.00194924i,0.0286382
0.0333684,0.310314,0.283343,-0.117937,0.0104192-0.00225046i,0.0407273
0.0333684,0.379272,0.346308,-0.117937,0.0103743-0.00253749i,0.0566398
0.0333684,0.448231,0.409273,-0.117937,0.0102525-0.00280658i,0.0774813
0.0333684,0.51719,0.472238,-0.117937,0.0100555-0.00305324i,0.104938
0.0333684,0.586148,0.535203,-0.117937,0.00978391-0.00327185i,0.141815
0.0333684,0.655107,0.598168,-0.117937,0.00943751-0.00345502i,0.193252
0.0333684,0.724066,0.661133,-0.117937,0.00901345-0.00359241i,0.269923
0.0333684,0.793024,0.724098,-0.117937,0.00850343-0.00366789i,0.398395
0.0333684,0.861983,0.787063,-0.117937,0.00788553-0.0036522i,0.669034
0.0333684,0.930941,0.850028,-0.117937,0.00709116-0.00347411i,1.71657
0.0333684,0.9999,0.912993,-0.117937,0.00534336-0.00248394i,1.50155e+10
0.0366053,-0.9999,-0.915853,-0.129378,-0.0123525+0.00422822i,1.16601e+11
0.0366053,-0.930941,-0.852691,-0.129378,-0.00677204+0.00368208i,7.17885
0.0366053,-0.861983,-0.789528,-0.129378,-0.00400564+0.00336341i,1.20101
0.0366053,-0.793024,-0.726366,-0.129378,-0.00179481+0.00306799i,0.400692
0.0366053,-0.724066,-0.663204,-0.129378,9.74028e-05+0.00277634i,0.165689
0.0366053,-0.655107,-0.600042,-0.129378,0.00176252+0.00248158i,0.0747382
0.0366053,-0.586148,-0.536879,-0.129378,0.00324667+0.00218069i,0.0350094
0.0366053,-0.51719,-0.473717,-0.129378,0.00457641+0.00187238i,0.0167255
0.0366053,-0.448231,-0.410555,-0.129378,0.00576835+0.00155622i,0.00819047
0.0366053,-0.379272,-0.347392,-0.129378,0.00683349+0.00123239i,0.00426773
0.0366053,-0.310314,-0.28423,-0.129378,0.00777946+0.000901399i,0.00259923
0.0366053,-0.241355,-0.221068,-0.129378,0.00861175+0.000564091i,0.00213898
0.0366053,-0.172397,-0.157906,-0.129378,0.00933454+0.000221544i,0.00251057
0.0366053,-0.103438,-0.0947434,-0.129378,0.00995114-0.000124938i,0.00369912
0.0366053,-0.0344793,-0.0315811,-0.129378,0.0104643-0.000473835i,0.00589392
0.0366053,0.0344793,0.0315811,-0.129378,0.0108765-0.000823407i,0.00940579
0.0366053,0.103438,0.0947434,-0.129378,0.0111901-0.00117168i,0.0146262
0.0366053,0.172397,0.157906,-0.129378,0.0114073-0.00151641i,0.0220138
0.0366053,0.241355,0.221068,-0.129378,0.0115303-0.00185506i,0.032104
0.0366053,0.310314,0.28423,-0.129378,0.0115615-0.00218473i,0.0455455
0.0366053,0.379272,0.347392,-0.129378,0.011503-0.00250203i,0.0631756
0.0366053,0.448231,0.410555,-0.129378,0.0113572-0.00280301i,0.0861633
0.0366053,0.51719,0.473717,-0.129378,0.0111259-0.00308285i,0.116286
0.0366053,0.586148,0.536879,-0.129378,0.0108105-0.00333555i,0.156497
0.0366053,0.655107,0.600042,-0.129378,0.0104111-0.0035532i,0.212213
0.0366053,0.724066,0.663204,-0.129378,0.00992503-0.00372473i,0.294698
0.0366053,0.793024,0.726366,-0.129378,0.00934393-0.00383288i,0.432079
0.0366053,0.861983,0.789528,-0.129378,0.00864467-0.00384636i,0.721103
0.0366053,0.930941,0.852691,-0.129378,0.00775347-0.00368922i,1.87547
0.0366053,0.9999,0.915853,-0.129378,0.00582266-0.00267024i,2.44474e+10
0.0398421,-0.9999,-0.918713,-0.140818,-0.0143063+0.00439241i,1.87479e+11
0.0398421,-0.930941,-0.855353,-0.140818,-0.0079433+0.00387927i,9.70377
0.0398421,-0.861983,-0.791994,-0.140818,-0.00479152+0.0035841i,1.55845
0.0398421,-0.793024,-0.728634,-0.140818,-0.00227478+0.003308i,0.509207
0.0398421,-0.724066,-0.665275,-0.140818,-0.000122571+0.00303212i,0.207802
0.0398421,-0.655107,-0.601915,-0.140818,0.00176967+0.00274981i,0.0927956
0.0398421,-0.586148,-0.538556,-0.140818,0.00345465+0.00245818i,0.0430769
0.0398421,-0.51719,-0.475196,-0.140818,0.00496276+0.00215597i,0.0203994
0.0398421,-0.448231,-0.411837,-0.140818,0.00631302+0.00184278i,0.00991293
0.0398421,-0.379272,-0.348477,-0.140818,0.00751805+0.00151877i,0.00514854
0.0398421,-0.310314,-0.285118,-0.140818,0.00858661+0.00118448i,0.00314985
0.0398421,-0.241355,-0.221758,-0.140818,0.00952506+0.000840749i,0.00260276
0.0398421,-0.172397,-0.158399,-0.140818,0.0103382+0.000488663i,0.00302307
0.0398421,-0.103438,-0.0950392,-0.140818,0.0110299+0.000129544i,0.00436939
0.0398421,-0.0344793,-0.0316797,-0.140818,0.0116035-0.000235056i,0.00684612
0.0398421,0.0344793,0.0316797,-0.140818,0.0120617-0.000603353i,0.0107997
0.0398421,0.103438,0.0950392,-0.140818,0.0124074-0.000973308i,0.0166658
0.0398421,0.172397,0.158399,-0.140818,0.0126432-0.0013426i,0.0249499
0.0398421,0.241355,0.221758,-0.140818,0.0127718-0.00170857i,0.0362338
0.0398421,0.310314,0.285118,-0.140818,0.0127961-0.00206818i,0.0512115
0.0398421,0.379272,0.348477,-0.140818,0.0127187-0.00241787i,0.0707679
0.0398421,0.448231,0.411837,-0.140818,0.0125425-0.00275344i,0.0961275
0.0398421,0.51719,0.475196,-0.140818,0.0122699-0.00306979i,0.129144
0.0398421,0.586148,0.538556,-0.140818,0.0119028-0.00336054i,0.172893
0.0398421,0.655107,0.601915,-0.140818,0.0114419-0.00361726i,0.233015
0.0398421,0.724066,0.665275,-0.140818,0.010885-0.00382814i,0.321251
0.0398421,0.793024,0.728634,-0.140818,0.0102236-0.00397481i,0.467014
0.0398421,0.861983,0.791994,-0.140818,0.00943378-0.00402398i,0.772813
0.0398421,0.930941,0.855353,-0.140818,0.00843673-0.00389495i,2.04195
0.0398421,0.9999,0.918713,-0.140818,0.00631423-0.0028554i,3.84525e+10
0.0430789,-0.9999,-0.921572,-0.152258,-0.016385+0.00454781i,2.90081e+11
0.0430789,-0.930941,-0.858016,-0.152258,-0.00916996+0.00407736i,12.9626
0.0430789,-0.861983,-0.794459,-0.152258,-0.00559977+0.00381316i,2.00712
0.0430789,-0.793024,-0.730902,-0.152258,-0.00275157+0.00356319i,0.643188
0.0430789,-0.724066,-0.667346,-0.152258,-0.000318224+0.00330939i,0.259213
0.0430789,-0.655107,-0.603789,-0.152258,0.00181905+0.00304542i,0.114647
0.0430789,-0.586148,-0.540232,-0.152258,0.00372018+0.00276848i,0.0527666
0.0430789,-0.51719,-0.476675,-0.152258,0.00541974+0.00247736i,0.0247832
0.0430789,-0.448231,-0.413119,-0.152258,0.00693939+0.00217168i,0.0119605
0.0430789,-0.379272,-0.349562,-0.152258,0.00829352+0.00185158i,0.00620157
0.0430789,-0.310314,-0.286005,-0.152258,0.00949215+0.0015176i,0.00382385
0.0430789,-0.241355,-0.222449,-0.152258,0.0105426+0.00117055i,0.0031892
0.0430789,-0.172397,-0.158892,-0.152258,0.0114503+0.000811503i,0.00368298
0.0430789,-0.103438,-0.0953351,-0.152258,0.0122199+0.000441782i,0.0052306
0.0430789,-0.0344793,-0.0317784,-0.152258,0.0128551+6.29474e-05i,0.00805229
0.0430789,0.0344793,0.0317784,-0.152258,0.0133592-0.000323192i,0.0125337
0.0430789,0.103438,0.0953351,-0.152258,0.0137355-0.000714554i,0.0191591
0.0430789,0.172397,0.158892,-0.152258,0.0139873-0.00110875i,0.0284836
0.0430789,0.241355,0.222449,-0.152258,0.0141176-0.00150303i,0.0411361
0.0430789,0.310314,0.286005,-0.152258,0.0141299-0.00189423i,0.0578541
0.0430789,0.379272,0.349562,-0.152258,0.0140274-0.00227862i,0.0795634
0.0430789,0.448231,0.413119,-0.152258,0.0138137-0.00265179i,0.107531
0.0430789,0.51719,0.476675,-0.152258,0.0134918-0.00300835i,0.143666
0.0430789,0.586148,0.540232,-0.152258,0.0130643-0.00334155i,0.191125
0.0430789,0.655107,0.603789,-0.152258,0.0125326-0.00364245i,0.255698
0.0430789,0.724066,0.667346,-0.152258,0.011895-0.00389852i,0.349438
0.0430789,0.793024,0.730902,-0.152258,0.0111434-0.00409026i,0.502653
0.0430789,0.861983,0.794459,-0.152258,0.0102529-0.00418239i,0.822795
0.0430789,0.930941,0.858016,-0.152258,0.00914034-0.00408954i,2.21884
0.0430789,0.9999,0.921572,-0.152258,0.00681746-0.00303873i,5.89868e+10
0.0463158,-0.9999,-0.924432,-0.163699,-0.0185951+0.0046947i,4.3493e+11
0.0463158,-0.930941,-0.860678,-0.163699,-0.0104528+0.00427728i,17.1302
0.0463158,-0.861983,-0.796924,-0.163699,-0.00642864+0.0040522i,2.5674
0.0463158,-0.793024,-0.73317,-0.163699,-0.00322152+0.00383585i,0.808109
0.0463158,-0.724066,-0.669416,-0.163699,-0.000484367+0.00361111i,0.321882
0.0463158,-0.655107,-0.605662,-0.163699,0.00191712+0.00337196i,0.141091
0.0463158,-0.586148,-0.541909,-0.163699,0.00405075+0.00311574i,0.0644248
0.0463158,-0.51719,-0.478155,-0.163699,0.00595566+0.00284127i,0.0300341
0.0463158,-0.448231,-0.414401,-0.163699,0.00765641+0.00254817i,0.0144095
0.0463158,-0.379272,-0.350647,-0.163699,0.00916934+0.00223656i,0.00747003
0.0463158,-0.310314,-0.286893,-0.163699,0.0105059+0.00190692i,0.00465281
0.0463158,-0.241355,-0.223139,-0.163699,0.0116743+0.00156002i,0.00392851
0.0463158,-0.172397,-0.159385,-0.163699,0.012681+0.00119691i,0.00452471
0.0463158,-0.103438,-0.0956309,-0.163699,0.0135311+0.000818892i,0.0063252
0.0463158,-0.0344793,-0.031877,-0.163699,0.0142289+0.000427495i,0.00956634
0.0463158,0.0344793,0.031877,-0.163699,0.0147785+2.45345e-05i,0.0146768
0.0463158,0.103438,0.0956309,-0.163699,0.0151836-0.000387886i,0.0221934
0.0463158,0.172397,0.159385,-0.163699,0.015448-0.000807335i,0.0327238
0.0463158,0.241355,0.223139,-0.163699,0.0155755-0.00123099i,0.0469439
0.0463158,0.310314,0.286893,-0.163699,0.01557-0.00165558i,0.0656305
0.0463158,0.379272,0.350647,-0.163699,0.0154355-0.00207722i,0.0897401
0.0463158,0.448231,0.414401,-0.163699,0.0151763-0.0024913i,0.120566
0.0463158,0.51719,0.478155,-0.163699,0.0147962-0.00289218i,0.160037
0.0463158,0.586148,0.541909,-0.163699,0.0142988-0.00327271i,0.211341
0.0463158,0.655107,0.605662,-0.163699,0.013686-0.00362349i,0.28031
0.0463158,0.724066,0.669416,-0.163699,0.012957-0.00393124i,0.379092
0.0463158,0.793024,0.73317,-0.163699,0.0121041-0.00417538i,0.538378
0.0463158,0.861983,0.796924,-0.163699,0.0111021-0.00431864i,0.869619
0.0463158,0.930941,0.860678,-0.163699,0.00986356-0.00427102i,2.41273
0.0463158,0.9999,0.924432,-0.163699,0.00733163-0.00321947i,8.87716e+10
0.0495526,-0.9999,-0.927292,-0.175139,-0.0209431+0.00483317i,6.35173e+11
0.0495526,-0.930941,-0.863341,-0.175139,-0.0117926+0.00447986i,22.4157
0.0495526,-0.861983,-0.79939,-0.175139,-0.00727601+0.00430284i,3.26353
0.0495526,-0.793024,-0.735438,-0.175139,-0.00368044+0.00412836i,1.01049
0.0495526,-0.724066,-0.671487,-0.175139,-0.000615176+0.00394039i,0.398147
0.0495526,-0.655107,-0.607536,-0.175139,0.00207104+0.00373327i,0.173083
0.0495526,-0.586148,-0.543585,-0.175139,0.0044546+0.00350447i,0.0784697
0.0495526,-0.51719,-0.479634,-0.175139,0.00657965+0.00325285i,0.0363447
0.0495526,-0.448231,-0.415683,-0.175139,0.00847391+0.00297798i,0.017356
0.0495526,-0.379272,-0.351731,-0.175139,0.0101559+0.00267994i,0.00900977
0.0495526,-0.310314,-0.28778,-0.175139,0.0116384+0.00235915i,0.00567825
0.0495526,-0.241355,-0.223829,-0.175139,0.012931+0.00201632i,0.0048603
0.0495526,-0.172397,-0.159878,-0.175139,0.014041+0.00165243i,0.00559273
0.0495526,-0.103438,-0.0959268,-0.175139,0.0149742+0.0012687i,0.00770718
0.0495526,-0.0344793,-0.0319756,-0.175139,0.0157356+0.00086665i,0.011456
0.0495526,0.0344793,0.0319756,-0.175139,0.0163299+0.000448053i,0.0173145
0.0495526,0.103438,0.0959268,-0.175139,0.0167615+1.50063e-05i,0.0258765
0.0495526,0.172397,0.159878,-0.175139,0.0170346-0.000430037i,0.0378042
0.0495526,0.241355,0.223829,-0.175139,0.017154-0.000884209i,0.0538192
0.0495526,0.310314,0.28778,-0.175139,0.0171241-0.00134414i,0.0747305
0.0495526,0.379272,0.351731,-0.175139,0.0169499-0.00180584i,0.101512
0.0495526,0.448231,0.415683,-0.175139,0.0166363-0.0022645i,0.135458
0.0495526,0.51719,0.479634,-0.175139,0.0161882-0.00271422i,0.178479
0.0495526,0.586148,0.543585,-0.175139,0.01561-0.00314752i,0.233716
0.0495526,0.655107,0.607536,-0.175139,0.0149048-0.0035545i,0.306911
0.0495526,0.724066,0.671487,-0.175139,0.0140726-0.00392119i,0.41002
0.0495526,0.793024,0.735438,-0.175139,0.0131064-0.0042259i,0.573488
0.0495526,0.861983,0.79939,-0.175139,0.011981-0.00442943i,0.911856
0.0495526,0.930941,0.863341,-0.175139,0.0106055-0.00443719i,2.63596
0.0495526,0.9999,0.927292,-0.175139,0.00785594-0.00339678i,1.31557e+11
0.0527895,-0.9999,-0.930152,-0.186579,-0.0234361+0.00496313i,9.07091e+11
0.0527895,-0.930941,-0.866003,-0.186579,-0.0131896+0.00468586i,29.0684
0.0527895,-0.861983,-0.801855,-0.186579,-0.00813933+0.00456671i,4.12438
0.0527895,-0.793024,-0.737707,-0.186579,-0.00412359+0.00444322i,1.25807
0.0527895,-0.724066,-0.673558,-0.186579,-0.000704134+0.00430056i,0.490791
0.0527895,-0.655107,-0.60941,-0.186579,0.00228876+0.00413347i,0.211764
0.0527895,-0.586148,-0.545261,-0.186579,0.00494085+0.00393955i,0.0954042
0.0527895,-0.51719,-0.481113,-0.186579,0.00730175+0.00371766i,0.04395
0.0527895,-0.448231,-0.416965,-0.186579,0.00940264+0.00346734i,0.0209197
0.0527895,-0.379272,-0.352816,-0.186579,0.0112644+0.00318858i,0.0108922
0.0527895,-0.310314,-0.288668,-0.186579,0.0129015+0.0028817i,0.00695403
0.0527895,-0.241355,-0.224519,-0.186579,0.0143247+0.00254732i,0.00603577
0.0527895,-0.172397,-0.160371,-0.186579,0.0155423+0.00218632i,0.00694376
0.0527895,-0.103438,-0.0962226,-0.186579,0.016561+0.00179983i,0.00944449
0.0527895,-0.0344793,-0.0320742,-0.186579,0.0173866+0.0013893i,0.0138055
0.0527895,0.0344793,0.0320742,-0.186579,0.0180244+0.000956428i,0.0205526
0.0527895,0.103438,0.0962226,-0.186579,0.0184795+0.000503291i,0.0303403
0.0527895,0.172397,0.160371,-0.186579,0.018757+3.23258e-05i,0.0438871
0.0527895,0.241355,0.224519,-0.186579,0.0188622-0.00045358i,0.0619572
0.0527895,0.310314,0.288668,-0.186579,0.0188006-0.000950997i,0.0853826
0.0527895,0.379272,0.352816,-0.186579,0.0185779-0.00145583i,0.115136
0.0527895,0.448231,0.416965,-0.186579,0.0182-0.00196311i,0.152479
0.0527895,0.51719,0.481113,-0.186579,0.0176729-0.00246669i,0.199252
0.0527895,0.586148,0.545261,-0.186579,0.0170021-0.00295878i,0.258456
0.0527895,0.655107,0.60941,-0.186579,0.0161919-0.003429i,0.335564
0.0527895,0.724066,0.673558,-0.186579,0.0152436-0.00386269i,0.441994
0.0527895,0.793024,0.737707,-0.186579,0.0141511-0.0042371i,0.607202
0.0527895,0.861983,0.801855,-0.186579,0.0128894-0.0045111i,0.948191
0.0527895,0.930941,0.866003,-0.186579,0.0113649-0.00458563i,2.90929
0.0527895,0.9999,0.930152,-0.186579,0.00838949-0.00356976i,1.92462e+11
0.0560263,-0.9999,-0.933012,-0.198019,-0.026081+0.00508434i,1.27069e+12
0.0560263,-0.930941,-0.868666,-0.198019,-0.0146439+0.00489597i,37.3845
0.0560263,-0.861983,-0.80432,-0.198019,-0.00901558+0.0048455i,5.18416
0.0560263,-0.793024,-0.739975,-0.198019,-0.00454556+0.00478308i,1.56004
0.0560263,-0.724066,-0.675629,-0.198019,-0.000743964+0.0046952i,0.603113
0.0560263,-0.655107,-0.611283,-0.198019,0.00257907+0.00457701i,0.258492
0.0560263,-0.586148,-0.546938,-0.198019,0.00551953+0.00442626i,0.115832
0.0560263,-0.51719,-0.482592,-0.198019,0.00813298+0.00424178i,0.0531361
0.0560263,-0.448231,-0.418247,-0.198019,0.0104544+0.00402306i,0.0252491
0.0560263,-0.379272,-0.353901,-0.198019,0.0125072+0.00376995i,0.0132077
0.0560263,-0.310314,-0.289555,-0.198019,0.0143077+0.00348265i,0.00854899
0.0560263,-0.241355,-0.22521,-0.198019,0.0158681+0.00316165i,0.00752013
0.0560263,-0.172397,-0.160864,-0.198019,0.0171978+0.00280768i,0.00864931
0.0560263,-0.103438,-0.0965184,-0.198019,0.0183043+0.00242176i,0.0116219
0.0560263,-0.0344793,-0.0321728,-0.198019,0.0191943+0.00200521i,0.0167189
0.0560263,0.0344793,0.0321728,-0.198019,0.019874+0.00155965i,0.0245204
0.0560263,0.103438,0.0965184,-0.198019,0.0203492+0.00108707i,0.0357453
0.0560263,0.172397,0.160864,-0.198019,0.0206258+0.000589874i,0.051169
0.0560263,0.241355,0.22521,-0.198019,0.02071+7.09324e-05i,0.0715933
0.0560263,0.310314,0.289555,-0.198019,0.0206082-0.000466295i,0.0978603
0.0560263,0.379272,0.353901,-0.198019,0.0203272-0.00101763i,0.130917
0.0560263,0.448231,0.418247,-0.198019,0.019874-0.00157798i,0.171952
0.0560263,0.51719,0.482592,-0.198019,0.0192558-0.00214099i,0.222663
0.0560263,0.586148,0.546938,-0.198019,0.0184794-0.00269854i,0.285797
0.0560263,0.655107,0.611283,-0.198019,0.0175505-0.00323981i,0.366344
0.0560263,0.724066,0.675629,-0.198019,0.0164718-0.00374948i,0.474756
0.0560263,0.793024,0.739975,-0.198019,0.0152387-0.00420376i,0.638668
0.0560263,0.861983,0.80432,-0.198019,0.0138268-0.00455963i,0.977592
0.0560263,0.930941,0.868666,-0.198019,0.0121406-0.00471366i,3.26565
0.0560263,0.9999,0.933012,-0.198019,0.00893125-0.00373743i,2.78415e+11
0.0592632,-0.9999,-0.935871,-0.20946,-0.0288855+0.00519639i,1.75039e+12
0.0592632,-0.930941,-0.871328,-0.20946,-0.0161556+0.00511087i,47.7146
0.0592632,-0.861983,-0.806786,-0.20946,-0.00990119+0.00514098i,6.48336
0.0592632,-0.793024,-0.742243,-0.20946,-0.00494026+0.00515077i,1.92727
0.0592632,-0.724066,-0.6777,-0.20946,-0.000726553+0.00512816i,0.739028
0.0592632,-0.655107,-0.613157,-0.20946,0.00295172+0.00506875i,0.314885
0.0592632,-0.586148,-0.548614,-0.20946,0.0062017+0.00497038i,0.140477
0.0592632,-0.51719,-0.484071,-0.20946,0.00908546+0.00483188i,0.0642496
0.0592632,-0.448231,-0.419529,-0.20946,0.0116421+0.0046526i,0.0305269
0.0592632,-0.379272,-0.354986,-0.20946,0.0138978+0.00443227i,0.0160694
0.0592632,-0.310314,-0.290443,-0.20946,0.015871+0.0041709i,0.0105501
0.0592632,-0.241355,-0.2259,-0.20946,0.0175753+0.00386879i,0.00939553
0.0592632,-0.172397,-0.161357,-0.20946,0.0190214+0.00352651i,0.0107987
0.0592632,-0.103438,-0.0968143,-0.20946,0.0202178+0.00314491i,0.0143443
0.0592632,-0.0344793,-0.0322714,-0.20946,0.0211722+0.00272515i,0.020324
0.0592632,0.0344793,0.0322714,-0.20946,0.0218916+0.00226871i,0.0293756
0.0592632,0.103438,0.0968143,-0.20946,0.0223827+0.00177748i,0.0422859
0.0592632,0.172397,0.161357,-0.20946,0.0226524+0.00125376i,0.0598867
0.0592632,0.241355,0.2259,-0.20946,0.0227078+0.000700391i,0.0830098
0.0592632,0.310314,0.290443,-0.20946,0.0225565+0.000120823i,0.11249
0.0592632,0.379272,0.354986,-0.20946,0.0222063-0.000480725i,0.149217
0.0592632,0.448231,0.419529,-0.20946,0.0216655-0.00109905i,0.194255
0.0592632,0.51719,0.484071,-0.20946,0.0209427-0.00172761i,0.249074
0.0592632,0.586148,0.548614,-0.20946,0.0200463-0.00235801i,0.316019
0.0592632,0.655107,0.613157,-0.20946,0.0189836-0.00297901i,0.399336
0.0592632,0.724066,0.6777,-0.20946,0.017759-0.00357464i,0.508013
0.0592632,0.793024,0.742243,-0.20946,0.0163696-0.0041201i,0.666992
0.0592632,0.861983,0.806786,-0.20946,0.0147925-0.00457055i,0.999568
0.0592632,0.930941,0.871328,-0.20946,0.012931-0.00481831i,3.75506
0.0592632,0.9999,0.935871,-0.20946,0.00948011-0.00389871i,3.98709e+11
0.0625,-0.9999,-0.938731,-0.2209,-0.0318571+0.00529878i,2.37582e+12
0.0625,-0.930941,-0.873991,-0.2209,-0.0177241+0.0053312i,60.4729
0.0625,-0.861983,-0.809251,-0.2209,-0.010792+0.005455i,8.06983
0.0625,-0.793024,-0.744511,-0.2209,-0.00530083+0.00554932i,2.3726
0.0625,-0.724066,-0.679771,-0.2209,-0.000642869+0.00560361i,0.903166
0.0625,-0.655107,-0.615031,-0.2209,0.00341749+0.00561393i,0.382863
0.0625,-0.586148,-0.550291,-0.2209,0.00699955+0.00557822i,0.170204
0.0625,-0.51719,-0.485551,-0.2209,0.0101725+0.00549522i,0.0777094
0.0625,-0.448231,-0.420811,-0.2209,0.0129798+0.00536415i,0.0369776
0.0625,-0.379272,-0.35607,-0.2209,0.0154509+0.00518454i,0.0196182
0.0625,-0.310314,-0.29133,-0.2209,0.0176064+0.00495618i,0.0130664
0.0625,-0.241355,-0.22659,-0.2209,0.0194616+0.00467916i,0.0117646
0.0625,-0.172397,-0.16185,-0.2209,0.0210284+0.0043538i,0.0135025
0.0625,-0.103438,-0.0971101,-0.2209,0.0223166+0.00398075i,0.0177404
0.0625,-0.0344793,-0.03237,-0.2209,0.0233348+0.00356095i,0.0247768
0.0625,0.0344793,0.03237,-0.2209,0.0240912+0.00309571i,0.0353098
0.0625,0.103438,0.0971101,-0.2209,0.0245933+0.00258675i,0.0501971
0.0625,0.172397,0.16185,-0.2209,0.0248492+0.00203626i,0.0703248
0.0625,0.241355,0.22659,-0.2209,0.0248671+0.00144698i,0.0965448
0.0625,0.310314,0.29133,-0.2209,0.0246556+0.000822319i,0.129662
0.0625,0.379272,0.35607,-0.2209,0.024224+0.000166499i,0.170468
0.0625,0.448231,0.420811,-0.2209,0.023582-0.000515197i,0.219839
0.0625,0.51719,0.485551,-0.2209,0.0227398-0.00121609i,0.27891
0.0625,0.586148,0.550291,-0.2209,0.0217075-0.00192752i,0.349448
0.0625,0.655107,0.615031,-0.2209,0.0204944-0.00263786i,0.434644
0.0625,0.724066,0.679771,-0.2209,0.0191068-0.00333054i,0.541452
0.0625,0.793024,0.744511,-0.2209,0.0175443-0.00397977i,0.691273
0.0625,0.861983,0.809251,-0.2209,0.0157857-0.00453897i,1.01452
0.0625,0.930941,0.873991,-0.2209,0.0137343-0.00489635i,4.4512
0.0625,0.9999,0.938731,-0.2209,0.0100348-0.00405246i,5.65706e+11
