tau,z,PK,QQ,scattering_amp,|scattering_amp|2
0.001,-0.9999,-0.884395,-0.0035344,-0.000140753+3.98715e-05i,-1.12456e+07
0.001,-0.930941,-0.823402,-0.0035344,-0.000117218+1.55519e-05i,347.933
0.001,-0.861983,-0.76241,-0.0035344,-9.31072e-05-9.70563e-06i,346.728
0.001,-0.793024,-0.701417,-0.0035344,-6.83591e-05-3.56463e-05i,340.929
0.001,-0.724066,-0.640424,-0.0035344,-4.29451e-05-6.21354e-05i,333.848
0.001,-0.655107,-0.579431,-0.0035344,-1.68466e-05-8.90686e-05i,326.146
0.001,-0.586148,-0.518439,-0.0035344,9.9486e-06-0.000116354i,318.038
0.001,-0.51719,-0.457446,-0.0035344,3.74485e-05-0.000143908i,309.618
0.001,-0.448231,-0.396453,-0.0035344,6.56577e-05-0.000171647i,300.937
0.001,-0.379272,-0.33546,-0.0035344,9.4578e-05-0.000199492i,292.03
0.001,-0.310314,-0.274467,-0.0035344,0.000124209-0.000227361i,282.924
0.001,-0.241355,-0.213475,-0.0035344,0.000154547-0.000255171i,273.642
0.001,-0.172397,-0.152482,-0.0035344,0.000185587-0.000282839i,264.209
0.001,-0.103438,-0.0914892,-0.0035344,0.000217324-0.00031028i,254.647
0.001,-0.0344793,-0.0304964,-0.0035344,0.000249748-0.000337403i,244.98
0.001,0.0344793,0.0304964,-0.0035344,0.000282851-0.000364118i,235.233
0.001,0.103438,0.0914892,-0.0035344,0.000316619-0.000390331i,225.433
0.001,0.172397,0.152482,-0.0035344,0.000351043-0.000415946i,215.606
0.001,0.241355,0.213475,-0.0035344,0.000386107-0.000440865i,205.784
0.001,0.310314,0.274467,-0.0035344,0.000421796-0.000464989i,196.002
0.001,0.379272,0.33546,-0.0035344,0.000458097-0.000488218i,186.299
0.001,0.448231,0.396453,-0.0035344,0.000494992-0.000510456i,176.72
0.001,0.51719,0.457446,-0.0035344,0.000532463-0.000531613i,167.324
0.001,0.586148,0.518439,-0.0035344,0.000570494-0.000551606i,158.187
0.001,0.655107,0.579431,-0.0035344,0.000609066-0.000570373i,149.424
0.001,0.724066,0.640424,-0.0035344,0.000648159-0.000587879i,141.231
0.001,0.793024,0.701417,-0.0035344,0.000687751-0.000604139i,134.023
0.001,0.861983,0.76241,-0.0035344,0.000727817-0.000619255i,128.977
0.001,0.930941,0.823402,-0.0035344,0.000768321-0.0006335i,131.942
0.001,0.9999,0.884395,-0.0035344,0.000809199-0.000647678i,-1.12149e+08
0.00423684,-0.9999,-0.887255,-0.0149747,0.000518146+0.000173185i,-5.20371e+07
0.00423684,-0.930941,-0.826065,-0.0149747,0.000537296+0.000142841i,0.635487
0.00423684,-0.861983,-0.764875,-0.0149747,0.000556739+0.000111358i,0.5364
0.00423684,-0.793024,-0.703685,-0.0149747,0.000576352+7.89433e-05i,0.485797
0.00423684,-0.724066,-0.642495,-0.0149747,0.000596077+4.57079e-05i,0.444682
0.00423684,-0.655107,-0.581305,-0.0149747,0.000615877+1.17426e-05i,0.408143
0.00423684,-0.586148,-0.520115,-0.0149747,0.000635728-2.28698e-05i,0.375058
0.00423684,-0.51719,-0.458925,-0.0149747,0.000655616-5.80495e-05i,0.345126
0.00423684,-0.448231,-0.397735,-0.0149747,0.000675531-9.37167e-05i,0.318282
0.00423684,-0.379272,-0.336545,-0.0149747,0.000695469-0.000129791i,0.294531
0.00423684,-0.310314,-0.275355,-0.0149747,0.00071543-0.000166188i,0.273893
0.00423684,-0.241355,-0.214165,-0.0149747,0.000735415-0.000202822i,0.256385
0.00423684,-0.172397,-0.152975,-0.0149747,0.000755432-0.000239605i,0.242013
0.00423684,-0.103438,-0.091785,-0.0149747,0.000775488-0.000276441i,0.230776
0.00423684,-0.0344793,-0.030595,-0.0149747,0.000795596-0.000313235i,0.222672
0.00423684,0.0344793,0.030595,-0.0149747,0.000815769-0.000349885i,0.217711
0.00423684,0.103438,0.091785,-0.0149747,0.000836025-0.000386286i,0.215929
0.00423684,0.172397,0.152975,-0.0149747,0.000856383-0.000422328i,0.217418
0.00423684,0.241355,0.214165,-0.0149747,0.000876866-0.0004579i,0.222361
0.00423684,0.310314,0.275355,-0.0149747,0.0008975-0.000492888i,0.231088
0.00423684,0.379272,0.336545,-0.0149747,0.000918314-0.000527175i,0.244171
0.00423684,0.448231,0.397735,-0.0149747,0.000939341-0.000560648i,0.26258
0.00423684,0.51719,0.458925,-0.0149747,0.000960616-0.000593197i,0.287966
0.00423684,0.586148,0.520115,-0.0149747,0.000982177-0.000624721i,0.323233
0.00423684,0.655107,0.581305,-0.0149747,0.00100407-0.000655137i,0.373767
0.00423684,0.724066,0.642495,-0.0149747,0.00102633-0.00068439i,0.450546
0.00423684,0.793024,0.703685,-0.0149747,0.001049-0.000712476i,0.579509
0.00423684,0.861983,0.764875,-0.0149747,0.00107213-0.000739478i,0.839677
0.00423684,0.930941,0.826065,-0.0149747,0.00109573-0.000765658i,1.63832
0.00423684,0.9999,0.887255,-0.0149747,0.00111979-0.000791821i,-3.66501e+08
0.00747368,-0.9999,-0.890115,-0.026415,0.00124916+0.000312871i,-1.75694e+08
0.00747368,-0.930941,-0.828728,-0.026415,0.00126311+0.000276217i,0.209364
0.00747368,-0.861983,-0.76734,-0.026415,0.00127703+0.000238217i,0.0666561
0.00747368,-0.793024,-0.705953,-0.026415,0.00129059+0.000199023i,0.032505
0.00747368,-0.724066,-0.644566,-0.026415,0.00130364+0.000158725i,0.0181291
0.00747368,-0.655107,-0.583179,-0.026415,0.00131607+0.000117399i,0.0102457
0.00747368,-0.586148,-0.521791,-0.026415,0.00132782+7.51177e-05i,0.00515726
0.00747368,-0.51719,-0.460404,-0.026415,0.00133886+3.19562e-05i,0.00152891
0.00747368,-0.448231,-0.399017,-0.026415,0.00134915-1.20081e-05i,-0.0011796
0.00747368,-0.379272,-0.33763,-0.026415,0.00135869-5.66941e-05i,-0.00318578
0.00747368,-0.310314,-0.276243,-0.026415,0.00136747-0.000102016i,-0.00455782
0.00747368,-0.241355,-0.214855,-0.026415,0.0013755-0.000147885i,-0.00528711
0.00747368,-0.172397,-0.153468,-0.026415,0.00138281-0.000194204i,-0.00532096
0.00747368,-0.103438,-0.0920808,-0.026415,0.00138941-0.000240873i,-0.00457727
0.00747368,-0.0344793,-0.0306936,-0.026415,0.00139535-0.000287786i,-0.00294983
0.00747368,0.0344793,0.0306936,-0.026415,0.00140066-0.000334831i,-0.000307482
0.00747368,0.103438,0.0920808,-0.026415,0.00140538-0.000381891i,0.00351207
0.00747368,0.172397,0.153468,-0.026415,0.00140959-0.000428845i,0.00871437
0.00747368,0.241355,0.214855,-0.026415,0.00141333-0.000475564i,0.0155689
0.00747368,0.310314,0.276243,-0.026415,0.00141669-0.000521919i,0.0244434
0.00747368,0.379272,0.33763,-0.026415,0.00141974-0.000567778i,0.0358611
0.00747368,0.448231,0.399017,-0.026415,0.00142256-0.000613007i,0.0506024
0.00747368,0.51719,0.460404,-0.026415,0.00142525-0.000657478i,0.0698922
0.00747368,0.586148,0.521791,-0.026415,0.00142792-0.00070107i,0.0957767
0.00747368,0.655107,0.583179,-0.026415,0.00143067-0.000743677i,0.131957
0.00747368,0.724066,0.644566,-0.026415,0.00143362-0.000785225i,0.185891
0.00747368,0.793024,0.705953,-0.026415,0.00143687-0.000825689i,0.275232
0.00747368,0.861983,0.76734,-0.026415,0.00144054-0.000865134i,0.454389
0.00747368,0.930941,0.828728,-0.026415,0.00144473-0.000903808i,1.01138
0.00747368,0.9999,0.890115,-0.026415,0.00144947-0.000942516i,-5.70858e+08
0.0107105,-0.9999,-0.892975,-0.0378553,0.00205832+0.00045894i,-3.28767e+08
0.0107105,-0.930941,-0.83139,-0.0378553,0.00206615+0.000415692i,0.330426
0.0107105,-0.861983,-0.769806,-0.0378553,0.00207359+0.000370879i,0.0842458
0.0107105,-0.793024,-0.708221,-0.0378553,0.00208007+0.000324603i,0.0317194
0.0107105,-0.724066,-0.646637,-0.0378553,0.00208532+0.000276925i,0.0127796
0.0107105,-0.655107,-0.585052,-0.0378553,0.00208919+0.000227907i,0.00445292
0.0107105,-0.586148,-0.523468,-0.0378553,0.00209156+0.000177614i,0.000388041
0.0107105,-0.51719,-0.461883,-0.0378553,0.00209236+0.000126114i,-0.00173404
0.0107105,-0.448231,-0.400299,-0.0378553,0.00209155+7.34832e-05i,-0.00288331
0.0107105,-0.379272,-0.338714,-0.0378553,0.00208911+1.98016e-05i,-0.00348187
0.0107105,-0.310314,-0.27713,-0.0378553,0.00208503-3.48427e-05i,-0.00369737
0.0107105,-0.241355,-0.215546,-0.0378553,0.00207934-9.03552e-05i,-0.00356651
0.0107105,-0.172397,-0.153961,-0.0378553,0.00207207-0.000146635i,-0.00305188
0.0107105,-0.103438,-0.0923767,-0.0378553,0.00206326-0.000203572i,-0.0020694
0.0107105,-0.0344793,-0.0307922,-0.0378553,0.00205296-0.000261053i,-0.000501094
0.0107105,0.0344793,0.0307922,-0.0378553,0.00204126-0.000318954i,0.00180093
0.0107105,0.103438,0.0923767,-0.0378553,0.00202823-0.000377147i,0.00501685
0.0107105,0.172397,0.153961,-0.0378553,0.00201397-0.000435494i,0.00936804
0.0107105,0.241355,0.215546,-0.0378553,0.00199858-0.000493855i,0.0151342
0.0107105,0.310314,0.27713,-0.0378553,0.0019822-0.000552082i,0.0226833
0.0107105,0.379272,0.338714,-0.0378553,0.00196496-0.000610026i,0.0325231
0.0107105,0.448231,0.400299,-0.0378553,0.00194699-0.000667533i,0.0453932
0.0107105,0.51719,0.461883,-0.0378553,0.00192847-0.000724456i,0.062437
0.0107105,0.586148,0.523468,-0.0378553,0.00190957-0.000780651i,0.085549
0.0107105,0.655107,0.585052,-0.0378553,0.00189046-0.000835992i,0.118148
0.0107105,0.724066,0.646637,-0.0378553,0.00187134-0.000890383i,0.167144
0.0107105,0.793024,0.708221,-0.0378553,0.00185241-0.000943777i,0.24902
0.0107105,0.861983,0.769806,-0.0378553,0.00183386-0.000996221i,0.415364
0.0107105,0.930941,0.83139,-0.0378553,0.00181585-0.00104795i,0.948759
0.0107105,0.9999,0.892975,-0.0378553,0.00179849-0.00109976i,-6.70283e+08
0.0139474,-0.9999,-0.895834,-0.0492956,0.0029521+0.000611376i,-2.5079e+08
0.0139474,-0.930941,-0.834053,-0.0492956,0.00295279+0.000561249i,0.539222
0.0139474,-0.861983,-0.772271,-0.0492956,0.00295267+0.000509331i,0.131882
0.0139474,-0.793024,-0.710489,-0.0492956,0.00295092+0.000455665i,0.0502991
0.0139474,-0.724066,-0.648708,-0.0492956,0.00294715+0.000400291i,0.0217699
0.0139474,-0.655107,-0.586926,-0.0492956,0.00294112+0.000343253i,0.00963316
0.0139474,-0.586148,-0.525144,-0.0492956,0.00293266+0.000284606i,0.00399386
0.0139474,-0.51719,-0.463363,-0.0492956,0.00292169+0.000224412i,0.00126464
0.0139474,-0.448231,-0.401581,-0.0492956,0.00290813+0.000162745i,-6.56953e-05
0.0139474,-0.379272,-0.339799,-0.0492956,0.00289195+9.96855e-05i,-0.00067411
0.0139474,-0.310314,-0.278018,-0.0492956,0.00287316+3.53235e-05i,-0.000853642
0.0139474,-0.241355,-0.216236,-0.0492956,0.00285178-3.0242e-05i,-0.000701759
0.0139474,-0.172397,-0.154454,-0.0492956,0.00282785-9.69034e-05i,-0.000207362
0.0139474,-0.103438,-0.0926725,-0.0492956,0.00280144-0.000164544i,0.000706499
0.0139474,-0.0344793,-0.0308908,-0.0492956,0.00277264-0.00023304i,0.00216158
0.0139474,0.0344793,0.0308908,-0.0492956,0.00274155-0.000302256i,0.00431553
0.0139474,0.103438,0.0926725,-0.0492956,0.0027083-0.000372051i,0.00736137
0.0139474,0.172397,0.154454,-0.0492956,0.00267301-0.000442274i,0.0115344
0.0139474,0.241355,0.216236,-0.0492956,0.00263587-0.000512768i,0.0171281
0.0139474,0.310314,0.278018,-0.0492956,0.00259703-0.000583369i,0.0245236
0.0139474,0.379272,0.339799,-0.0492956,0.0025567-0.000653908i,0.0342408
0.0139474,0.448231,0.401581,-0.0492956,0.0025151-0.000724213i,0.047031
0.0139474,0.51719,0.463363,-0.0492956,0.00247245-0.000794114i,0.0640513
0.0139474,0.586148,0.525144,-0.0492956,0.00242901-0.000863447i,0.0872177
0.0139474,0.655107,0.586926,-0.0492956,0.00238504-0.000932063i,0.119996
0.0139474,0.724066,0.648708,-0.0492956,0.00234083-0.000999842i,0.169428
0.0139474,0.793024,0.710489,-0.0492956,0.00229666-0.00106672i,0.252452
0.0139474,0.861983,0.772271,-0.0492956,0.00225281-0.00113271i,0.422879
0.0139474,0.930941,0.834053,-0.0492956,0.00220953-0.00119805i,0.985951
0.0139474,0.9999,0.895834,-0.0492956,0.00216702-0.00126353i,-5.86684e+08
0.0171842,-0.9999,-0.898694,-0.0607359,0.00393752+0.000770131i,6.03175e+08
0.0171842,-0.930941,-0.836715,-0.0607359,0.00392991+0.000712842i,0.840801
0.0171842,-0.861983,-0.774736,-0.0607359,0.00392103+0.000653525i,0.19527
0.0171842,-0.793024,-0.712757,-0.0607359,0.00390975+0.000592169i,0.0741443
0.0171842,-0.724066,-0.650778,-0.0607359,0.00389557+0.000528784i,0.0327158
0.0171842,-0.655107,-0.5888,-0.0607359,0.00387816+0.000463398i,0.0152769
0.0171842,-0.586148,-0.526821,-0.0607359,0.00385729+0.000396056i,0.00723682
0.0171842,-0.51719,-0.464842,-0.0607359,0.00383282+0.000326816i,0.00337968
0.0171842,-0.448231,-0.402863,-0.0607359,0.00380468+0.000255747i,0.00151496
0.0171842,-0.379272,-0.340884,-0.0607359,0.00377283+0.00018293i,0.000651172
0.0171842,-0.310314,-0.278905,-0.0607359,0.00373726+0.000108458i,0.000342614
0.0171842,-0.241355,-0.216926,-0.0607359,0.003698+3.2434e-05i,0.000418513
0.0171842,-0.172397,-0.154947,-0.0607359,0.00365512-4.50276e-05i,0.000858432
0.0171842,-0.103438,-0.0929684,-0.0607359,0.00360871-0.000123802i,0.00173081
0.0171842,-0.0344793,-0.0309895,-0.0607359,0.00355889-0.000203755i,0.00316193
0.0171842,0.0344793,0.0309895,-0.0607359,0.00350579-0.000284741i,0.00532144
0.0171842,0.103438,0.0929684,-0.0607359,0.00344957-0.000366604i,0.00841865
0.0171842,0.172397,0.154947,-0.0607359,0.00339045-0.00044918i,0.0127078
0.0171842,0.241355,0.216926,-0.0607359,0.00332861-0.000532295i,0.0185034
0.0171842,0.310314,0.278905,-0.0607359,0.00326432-0.000615766i,0.0262104
0.0171842,0.379272,0.340884,-0.0607359,0.00319783-0.000699406i,0.0363769
0.0171842,0.448231,0.402863,-0.0607359,0.00312943-0.000783023i,0.049792
0.0171842,0.51719,0.464842,-0.0607359,0.00305945-0.000866424i,0.0676686
0.0171842,0.586148,0.526821,-0.0607359,0.0029882-0.000949424i,0.0920177
0.0171842,0.655107,0.5888,-0.0607359,0.00291607-0.00103185i,0.126488
0.0171842,0.724066,0.650778,-0.0607359,0.00284342-0.00111356i,0.178531
0.0171842,0.793024,0.712757,-0.0607359,0.00277063-0.00119445i,0.26621
0.0171842,0.861983,0.774736,-0.0607359,0.0026981-0.00127455i,0.447701
0.0171842,0.930941,0.836715,-0.0607359,0.00262616-0.00135404i,1.0645
0.0171842,0.9999,0.898694,-0.0607359,0.0025551-0.00143374i,-2.07419e+08
0.0204211,-0.9999,-0.901554,-0.0721762,0.00502212+0.000935121i,3.15646e+09
0.0204211,-0.930941,-0.839378,-0.0721762,0.00500492+0.000870389i,1.26681
0.0204211,-0.861983,-0.777202,-0.0721762,0.00498592+0.000803385i,0.277327
0.0204211,-0.793024,-0.715025,-0.0721762,0.00496369+0.000734038i,0.1036
0.0204211,-0.724066,-0.652849,-0.0721762,0.00493756+0.000662331i,0.0456151
0.0204211,-0.655107,-0.590673,-0.0721762,0.0049071+0.000588275i,0.0214755
0.0204211,-0.586148,-0.528497,-0.0721762,0.00487203+0.000511904i,0.0104081
0.0204211,-0.51719,-0.466321,-0.0721762,0.00483218+0.000433268i,0.00511515
0.0204211,-0.448231,-0.404145,-0.0721762,0.00478743+0.000352436i,0.00255563
0.0204211,-0.379272,-0.341969,-0.0721762,0.00473774+0.000269488i,0.00135108
0.0204211,-0.310314,-0.279793,-0.0721762,0.0046831+0.000184519i,0.000870731
0.0204211,-0.241355,-0.217616,-0.0721762,0.00462355+9.76375e-05i,0.000856313
0.0204211,-0.172397,-0.15544,-0.0721762,0.00455918+8.96387e-06i,0.00125059
0.0204211,-0.103438,-0.0932642,-0.0721762,0.00449011-8.13688e-05i,0.00211284
0.0204211,-0.0344793,-0.0310881,-0.0721762,0.00441647-0.000173215i,0.00357572
0.0204211,0.0344793,0.0310881,-0.0721762,0.00433846-0.000266418i,0.00582413
0.0204211,0.103438,0.0932642,-0.0721762,0.00425628-0.000360808i,0.00908781
0.0204211,0.172397,0.15544,-0.0721762,0.00417019-0.000456206i,0.0136449
0.0204211,0.241355,0.217616,-0.0721762,0.00408046-0.00055242i,0.019837
0.0204211,0.310314,0.279793,-0.0721762,0.00398739-0.000649251i,0.0281001
0.0204211,0.379272,0.341969,-0.0721762,0.00389134-0.00074649i,0.039021
0.0204211,0.448231,0.404145,-0.0721762,0.00379268-0.000843924i,0.053441
0.0204211,0.51719,0.466321,-0.0721762,0.00369181-0.000941339i,0.0726522
0.0204211,0.586148,0.528497,-0.0721762,0.00358916-0.00103852i,0.0987995
0.0204211,0.655107,0.590673,-0.0721762,0.0034852-0.00113528i,0.135786
0.0204211,0.724066,0.652849,-0.0721762,0.00338041-0.00123145i,0.191619
0.0204211,0.793024,0.715025,-0.0721762,0.0032753-0.00132691i,0.285845
0.0204211,0.861983,0.777202,-0.0721762,0.00317035-0.00142164i,0.482202
0.0204211,0.930941,0.839378,-0.0721762,0.00306602-0.00151583i,1.16758
0.0204211,0.9999,0.901554,-0.0721762,0.00296267-0.00161029i,6.29283e+08
0.0236579,-0.9999,-0.904414,-0.0836165,0.00621402+0.00110622i,8.82436e+09
0.0236579,-0.930941,-0.84204,-0.0836165,0.00618579+0.00103377i,1.85978
0.0236579,-0.861983,-0.779667,-0.0836165,0.00615518+0.000958796i,0.38328
0.0236579,-0.793024,-0.717294,-0.0836165,0.00612039+0.000881165i,0.140175
0.0236579,-0.724066,-0.65492,-0.0836165,0.00608059+0.000800831i,0.0611356
0.0236579,-0.655107,-0.592547,-0.0836165,0.00603524+0.000717787i,0.0286618
0.0236579,-0.586148,-0.530174,-0.0836165,0.005984+0.000632058i,0.0138862
0.0236579,-0.51719,-0.4678,-0.0836165,0.00592664+0.000543686i,0.00685529
0.0236579,-0.448231,-0.405427,-0.0836165,0.00586303+0.000452737i,0.0034652
0.0236579,-0.379272,-0.343053,-0.0836165,0.00579311+0.000359292i,0.00186111
0.0236579,-0.310314,-0.28068,-0.0836165,0.00571687+0.000263448i,0.00118759
0.0236579,-0.241355,-0.218307,-0.0836165,0.00563437+0.000165318i,0.00108163
0.0236579,-0.172397,-0.155933,-0.0836165,0.0055457+6.50289e-05i,0.00144274
0.0236579,-0.103438,-0.09356,-0.0836165,0.00545102-3.72763e-05i,0.00232004
0.0236579,-0.0344793,-0.0311867,-0.0836165,0.0053505-0.000141442i,0.00385442
0.0236579,0.0344793,0.0311867,-0.0836165,0.00524437-0.0002473i,0.0062493
0.0236579,0.103438,0.09356,-0.0836165,0.0051329-0.000354665i,0.00975894
0.0236579,0.172397,0.155933,-0.0836165,0.0050164-0.000463343i,0.0146898
0.0236579,0.241355,0.218307,-0.0836165,0.00489522-0.000573125i,0.0214154
0.0236579,0.310314,0.28068,-0.0836165,0.00476974-0.000683792i,0.0304082
0.0236579,0.379272,0.343053,-0.0836165,0.00464038-0.000795117i,0.0423004
0.0236579,0.448231,0.405427,-0.0836165,0.00450762-0.000906863i,0.0579945
0.0236579,0.51719,0.4678,-0.0836165,0.00437196-0.00101879i,0.0788753
0.0236579,0.586148,0.530174,-0.0836165,0.00423394-0.00113067i,0.107244
0.0236579,0.655107,0.592547,-0.0836165,0.00409413-0.00124228i,0.147299
0.0236579,0.724066,0.65492,-0.0836165,0.00395314-0.00135342i,0.207686
0.0236579,0.793024,0.717294,-0.0836165,0.00381159-0.00146396i,0.309641
0.0236579,0.861983,0.779667,-0.0836165,0.00367011-0.00157386i,0.523198
0.0236579,0.930941,0.84204,-0.0836165,0.00352926-0.00168328i,1.28788
0.0236579,0.9999,0.904414,-0.0836165,0.00338952-0.00179304i,2.15588e+09
0.0268947,-0.9999,-0.907273,-0.0950568,0.00752201+0.00128326i,1.96507e+10
0.0268947,-0.930941,-0.844703,-0.0950568,0.00748114+0.00120282i,2.67326
0.0268947,-0.861983,-0.782132,-0.0950568,0.00743723+0.0011196i,0.519703
0.0268947,-0.793024,-0.719562,-0.0950568,0.00738809+0.0010334i,0.185725
0.0268947,-0.724066,-0.656991,-0.0950568,0.0073327+0.000944142i,0.0800076
0.0268947,-0.655107,-0.594421,-0.0950568,0.00727042+0.000851804i,0.0372015
0.0268947,-0.586148,-0.53185,-0.0950568,0.00720082+0.000756396i,0.0179044
0.0268947,-0.51719,-0.469279,-0.0950568,0.00712362+0.000657957i,0.00878646
0.0268947,-0.448231,-0.406709,-0.0950568,0.00703865+0.000556547i,0.00441625
0.0268947,-0.379272,-0.344138,-0.0950568,0.00694586+0.000452249i,0.00235268
0.0268947,-0.310314,-0.281568,-0.0950568,0.00684522+0.000345163i,0.00146718
0.0268947,-0.241355,-0.218997,-0.0950568,0.0067368+0.000235405i,0.0012708
0.0268947,-0.172397,-0.156426,-0.0950568,0.00662073+0.000123111i,0.00161168
0.0268947,-0.103438,-0.0938559,-0.0950568,0.00649719+8.4309e-06i,0.00252725
0.0268947,-0.0344793,-0.0312853,-0.0950568,0.00636639-0.000108468i,0.00416829
0.0268947,0.0344793,0.0312853,-0.0950568,0.00622861-0.000227404i,0.00676006
0.0268947,0.103438,0.0938559,-0.0950568,0.00608419-0.000348179i,0.0105852
0.0268947,0.172397,0.156426,-0.0950568,0.0059335-0.000470581i,0.0159827
0.0268947,0.241355,0.218997,-0.0950568,0.00577695-0.000594384i,0.0233618
0.0268947,0.310314,0.281568,-0.0950568,0.00561503-0.000719351i,0.0332359
0.0268947,0.379272,0.344138,-0.0950568,0.00544824-0.000845231i,0.0462865
0.0268947,0.448231,0.406709,-0.0950568,0.00527716-0.000971767i,0.0634828
0.0268947,0.51719,0.469279,-0.0950568,0.00510241-0.0010987i,0.0863096
0.0268947,0.586148,0.53185,-0.0950568,0.00492464-0.00122576i,0.117236
0.0268947,0.655107,0.594421,-0.0950568,0.00474455-0.00135272i,0.160776
0.0268947,0.724066,0.656991,-0.0950568,0.00456288-0.00147934i,0.226257
0.0268947,0.793024,0.719562,-0.0950568,0.00438039-0.00160547i,0.336707
0.0268947,0.861983,0.782132,-0.0950568,0.00419784-0.00173104i,0.568874
0.0268947,0.930941,0.844703,-0.0950568,0.00401593-0.00185621i,1.42125
0.0268947,0.9999,0.907273,-0.0950568,0.00383526-0.00198177i,4.70687e+09
0.0301316,-0.9999,-0.910133,-0.106497,0.00895552+0.00146601i,3.84712e+10
0.0301316,-0.930941,-0.847365,-0.106497,0.00890022+0.00137733i,3.77361
0.0301316,-0.861983,-0.784598,-0.106497,0.00884114+0.0012856i,0.694627
0.0301316,-0.793024,-0.72183,-0.106497,0.00877567+0.00119055i,0.242465
0.0301316,-0.724066,-0.659062,-0.106497,0.00870257+0.00109208i,0.103051
0.0301316,-0.655107,-0.596294,-0.106497,0.00862108+0.000990153i,0.0474517
0.0301316,-0.586148,-0.533526,-0.106497,0.00853068+0.00088476i,0.0226422
0.0301316,-0.51719,-0.470759,-0.106497,0.00843104+0.000775934i,0.0110168
0.0301316,-0.448231,-0.407991,-0.106497,0.00832196+0.000663735i,0.00548879
0.0301316,-0.379272,-0.345223,-0.106497,0.00820336+0.000548242i,0.00289594
0.0301316,-0.310314,-0.282455,-0.106497,0.00807523+0.00042956i,0.00177721
0.0301316,-0.241355,-0.219687,-0.106497,0.00793764+0.000307811i,0.00149181
0.0301316,-0.172397,-0.15692,-0.106497,0.00779074+0.000183136i,0.00182641
0.0301316,-0.103438,-0.0941517,-0.106497,0.00763475+5.56959e-05i,0.00280445
0.0301316,-0.0344793,-0.0313839,-0.106497,0.00746993-7.43321e-05i,0.0045882
0.0301316,0.0344793,0.0313839,-0.106497,0.00729661-0.000206753i,0.00742805
0.0301316,0.103438,0.0941517,-0.106497,0.0071152-0.000341353i,0.011639
0.0301316,0.172397,0.15692,-0.106497,0.00692613-0.000477905i,0.0175961
0.0301316,0.241355,0.219687,-0.106497,0.00672992-0.000616165i,0.0257482
0.0301316,0.310314,0.282455,-0.106497,0.00652712-0.000755874i,0.0366522
0.0301316,0.379272,0.345223,-0.106497,0.00631836-0.000896761i,0.0510416
0.0301316,0.448231,0.407991,-0.106497,0.00610432-0.00103855i,0.0699542
0.0301316,0.51719,0.470759,-0.106497,0.00588574-0.00118094i,0.0949771
0.0301316,0.586148,0.533526,-0.106497,0.00566341-0.00132366i,0.12875
0.0301316,0.655107,0.596294,-0.106497,0.00543816-0.00146644i,0.176106
0.0301316,0.724066,0.659062,-0.106497,0.00521088-0.00160903i,0.247062
0.0301316,0.793024,0.72183,-0.106497,0.00498249-0.00175123i,0.366451
0.0301316,0.861983,0.784598,-0.106497,0.00475387-0.00189296i,0.617888
0.0301316,0.930941,0.847365,-0.106497,0.00452591-0.00203436i,1.56481
0.0301316,0.9999,0.910133,-0.106497,0.00429932-0.00217622i,8.76341e+09
0.0333684,-0.9999,-0.912993,-0.117937,0.0105248+0.00165421i,6.91083e+10
0.0333684,-0.930941,-0.850028,-0.117937,0.010453+0.00155703i,5.24233
0.0333684,-0.861983,-0.787063,-0.117937,0.0103767+0.00145653i,0.917802
0.0333684,-0.793024,-0.724098,-0.117937,0.0102927+0.00135238i,0.313055
0.0333684,-0.724066,-0.661133,-0.117937,0.0101995+0.00124443i,0.131229
0.0333684,-0.655107,-0.598168,-0.117937,0.0100963+0.00113262i,0.0598088
0.0333684,-0.586148,-0.535203,-0.117937,0.00998239+0.00101695i,0.0282771
0.0333684,-0.51719,-0.472238,-0.117937,0.00985744+0.000897437i,0.013633
0.0333684,-0.448231,-0.409273,-0.117937,0.00972119+0.000774133i,0.00673223
0.0333684,-0.379272,-0.346308,-0.117937,0.00957355+0.000647123i,0.0035258
0.0333684,-0.310314,-0.283343,-0.117937,0.0094145+0.000516511i,0.00214808
0.0333684,-0.241355,-0.220378,-0.117937,0.00924414+0.000382425i,0.00177485
0.0333684,-0.172397,-0.157413,-0.117937,0.00906264+0.000245014i,0.00211888
0.0333684,-0.103438,-0.0944476,-0.117937,0.00887024+0.000104448i,0.0031865
0.0333684,-0.0344793,-0.0314825,-0.117937,0.00866728-3.90848e-05i,0.00515287
0.0333684,0.0344793,0.0314825,-0.117937,0.00845414-0.000185375i,0.00829686
0.0333684,0.103438,0.0944476,-0.117937,0.00823128-0.000334195i,0.0129697
0.0333684,0.172397,0.157413,-0.117937,0.00799924-0.0004853i,0.0195865
0.0333684,0.241355,0.220378,-0.117937,0.00775861-0.000638428i,0.0286382
0.0333684,0.310314,0.283343,-0.117937,0.00751007-0.000793298i,0.0407273
0.0333684,0.379272,0.346308,-0.117937,0.00725434-0.000949618i,0.0566398
0.0333684,0.448231,0.409273,-0.117937,0.00699223-0.00110708i,0.0774813
0.0333684,0.51719,0.472238,-0.117937,0.00672462-0.00126539i,0.104938
0.0333684,0.586148,0.535203,-0.117937,0.00645243-0.00142421i,0.141815
0.0333684,0.655107,0.598168,-0.117937,0.00617666-0.00158326i,0.193252
0.0333684,0.724066,0.661133,-0.117937,0.00589836-0.00174226i,0.269923
0.0333684,0.793024,0.724098,-0.117937,0.00561859-0.001901i,0.398395
0.0333684,0.861983,0.787063,-0.117937,0.00533843-0.00205936i,0.669034
0.0333684,0.930941,0.850028,-0.117937,0.00505891-0.00221746i,1.71657
0.0333684,0.9999,0.912993,-0.117937,0.00478091-0.00237608i,1.50155e+10
0.0366053,-0.9999,-0.915853,-0.129378,0.0122407+0.0018475i,1.16601e+11
0.0366053,-0.930941,-0.852691,-0.129378,0.0121503+0.0017416i,7.17885
0.0366053,-0.861983,-0.789528,-0.129378,0.0120545+0.00163209i,1.20101
0.0366053,-0.793024,-0.726366,-0.129378,0.0119494+0.00151858i,0.400692
0.0366053,-0.724066,-0.663204,-0.129378,0.0118336+0.00140089i,0.165689
0.0366053,-0.655107,-0.600042,-0.129378,0.0117058+0.00127895i,0.0747382
0.0366053,-0.586148,-0.536879,-0.129378,0.0115654+0.00115273i,0.0350094
0.0366053,-0.51719,-0.473717,-0.129378,0.011412+0.00102224i,0.0167255
0.0366053,-0.448231,-0.410555,-0.129378,0.0112452+0.000887541i,0.00819047
0.0366053,-0.379272,-0.347392,-0.129378,0.0110649+0.00074871i,0.00426773
0.0366053,-0.310314,-0.28423,-0.129378,0.0108712+0.000605855i,0.00259923
0.0366053,-0.241355,-0.221068,-0.129378,0.0106641+0.00045911i,0.00213898
0.0366053,-0.172397,-0.157906,-0.129378,0.0104438+0.000308632i,0.00251057
0.0366053,-0.103438,-0.0947434,-0.129378,0.0102107+0.0001546i,0.00369912
0.0366053,-0.0344793,-0.0315811,-0.129378,0.009965-2.78698e-06i,0.00589392
0.0366053,0.0344793,0.0315811,-0.129378,0.00970731-0.000163305i,0.00940579
0.0366053,0.103438,0.0947434,-0.129378,0.00943811-0.000326712i,0.0146262
0.0366053,0.172397,0.157906,-0.129378,0.00915803-0.000492745i,0.0220138
0.0366053,0.241355,0.221068,-0.129378,0.00886778-0.000661122i,0.032104
0.0366053,0.310314,0.28423,-0.129378,0.00856813-0.000831544i,0.0455455
0.0366053,0.379272,0.347392,-0.129378,0.00825994-0.0010037i,0.0631756
0.0366053,0.448231,0.410555,-0.129378,0.00794415-0.00117725i,0.0861633
0.0366053,0.51719,0.473717,-0.129378,0.00762178-0.00135186i,0.116286
0.0366053,0.586148,0.536879,-0.129378,0.00729392-0.00152721i,0.156497
0.0366053,0.655107,0.600042,-0.129378,0.00696173-0.00170295i,0.212213
0.0366053,0.724066,0.663204,-0.129378,0.00662644-0.00187879i,0.294698
0.0366053,0.793024,0.726366,-0.129378,0.0062893-0.00205449i,0.432079
0.0366053,0.861983,0.789528,-0.129378,0.00595157-0.0022299i,0.721103
0.0366053,0.930941,0.852691,-0.129378,0.00561445-0.00240513i,1.87547
0.0366053,0.9999,0.915853,-0.129378,0.005279-0.00258096i,2.44474e+10
0.0398421,-0.9999,-0.918713,-0.140818,0.0141153+0.00204547i,1.87479e+11
0.0398421,-0.930941,-0.855353,-0.140818,0.0140038+0.00193063i,9.70377
0.0398421,-0.861983,-0.791994,-0.140818,0.0138857+0.0018119i,1.55845
0.0398421,-0.793024,-0.728634,-0.140818,0.013757+0.0016888i,0.509207
0.0398421,-0.724066,-0.665275,-0.140818,0.0136155+0.00156115i,0.207802
0.0398421,-0.655107,-0.601915,-0.140818,0.0134601+0.00142882i,0.0927956
0.0398421,-0.586148,-0.538556,-0.140818,0.0132899+0.0012918i,0.0430769
0.0398421,-0.51719,-0.475196,-0.140818,0.0131045+0.00115008i,0.0203994
0.0398421,-0.448231,-0.411837,-0.140818,0.0129034+0.00100371i,0.00991293
0.0398421,-0.379272,-0.348477,-0.140818,0.0126866+0.000852784i,0.00514854
0.0398421,-0.310314,-0.285118,-0.140818,0.012454+0.000697402i,0.00314985
0.0398421,-0.241355,-0.221758,-0.140818,0.0122058+0.000537705i,0.00260276
0.0398421,-0.172397,-0.158399,-0.140818,0.0119421+0.000373857i,0.00302307
0.0398421,-0.103438,-0.0950392,-0.140818,0.0116634+0.000206047i,0.00436939
0.0398421,-0.0344793,-0.0316797,-0.140818,0.0113701+3.44879e-05i,0.00684612
0.0398421,0.0344793,0.0316797,-0.140818,0.0110626-0.000140585i,0.0107997
0.0398421,0.103438,0.0950392,-0.140818,0.0107417-0.000318912i,0.0166658
0.0398421,0.172397,0.158399,-0.140818,0.010408-0.000500215i,0.0249499
0.0398421,0.241355,0.221758,-0.140818,0.0100624-0.00068419i,0.0362338
0.0398421,0.310314,0.285118,-0.140818,0.00970577-0.000870519i,0.0512115
0.0398421,0.379272,0.348477,-0.140818,0.00933908-0.00105886i,0.0707679
0.0398421,0.448231,0.411837,-0.140818,0.00896344-0.00124887i,0.0961275
0.0398421,0.51719,0.475196,-0.140818,0.00858002-0.00144017i,0.129144
0.0398421,0.586148,0.538556,-0.140818,0.0081901-0.00163241i,0.172893
0.0398421,0.655107,0.601915,-0.140818,0.00779502-0.00182522i,0.233015
0.0398421,0.724066,0.665275,-0.140818,0.00739619-0.00201829i,0.321251
0.0398421,0.793024,0.728634,-0.140818,0.00699508-0.00221134i,0.467014
0.0398421,0.861983,0.791994,-0.140818,0.00659315-0.0024042i,0.772813
0.0398421,0.930941,0.855353,-0.140818,0.0061918-0.00259695i,2.04195
0.0398421,0.9999,0.918713,-0.140818,0.00579227-0.00279038i,3.84525e+10
0.0430789,-0.9999,-0.921572,-0.152258,0.0161612+0.00224763i,2.90081e+11
0.0430789,-0.930941,-0.858016,-0.152258,0.0160258+0.00212366i,12.9626
0.0430789,-0.861983,-0.794459,-0.152258,0.0158828+0.0019955i,2.00712
0.0430789,-0.793024,-0.730902,-0.152258,0.0157273+0.00186262i,0.643188
0.0430789,-0.724066,-0.667346,-0.152258,0.015557+0.00172479i,0.259213
0.0430789,-0.655107,-0.603789,-0.152258,0.0153705+0.00158187i,0.114647
0.0430789,-0.586148,-0.540232,-0.152258,0.0151669+0.00143381i,0.0527666
0.0430789,-0.51719,-0.476675,-0.152258,0.0149456+0.00128063i,0.0247832
0.0430789,-0.448231,-0.413119,-0.152258,0.0147061+0.00112236i,0.0119605
0.0430789,-0.379272,-0.349562,-0.152258,0.0144483+0.000959089i,0.00620157
0.0430789,-0.310314,-0.286005,-0.152258,0.0141723+0.000790925i,0.00382385
0.0430789,-0.241355,-0.222449,-0.152258,0.0138781+0.000618015i,0.0031892
0.0430789,-0.172397,-0.158892,-0.152258,0.0135661+0.000440529i,0.00368298
0.0430789,-0.103438,-0.0953351,-0.152258,0.0132365+0.000258667i,0.0052306
0.0430789,-0.0344793,-0.0317784,-0.152258,0.01289+7.26533e-05i,0.00805229
0.0430789,0.0344793,0.0317784,-0.152258,0.0125271-0.000117263i,0.0125337
0.0430789,0.103438,0.0953351,-0.152258,0.0121485-0.000310806i,0.0191591
0.0430789,0.172397,0.158892,-0.152258,0.0117551-0.00050768i,0.0284836
0.0430789,0.241355,0.222449,-0.152258,0.0113478-0.000707561i,0.0411361
0.0430789,0.310314,0.286005,-0.152258,0.0109277-0.00091011i,0.0578541
0.0430789,0.379272,0.349562,-0.152258,0.0104959-0.00111496i,0.0795634
0.0430789,0.448231,0.413119,-0.152258,0.0100536-0.00132174i,0.107531
0.0430789,0.51719,0.476675,-0.152258,0.00960221-0.00153006i,0.143666
0.0430789,0.586148,0.540232,-0.152258,0.00914321-0.00173953i,0.191125
0.0430789,0.655107,0.603789,-0.152258,0.00867812-0.00194976i,0.255698
0.0430789,0.724066,0.667346,-0.152258,0.00820858-0.00216039i,0.349438
0.0430789,0.793024,0.730902,-0.152258,0.00773626-0.00237113i,0.502653
0.0430789,0.861983,0.794459,-0.152258,0.00726285-0.00258179i,0.822795
0.0430789,0.930941,0.858016,-0.152258,0.00678997-0.00279241i,2.21884
0.0430789,0.9999,0.921572,-0.152258,0.00631908-0.00300379i,5.89868e+10
0.0463158,-0.9999,-0.924432,-0.163699,0.0183924+0.00245339i,4.3493e+11
0.0463158,-0.930941,-0.860678,-0.163699,0.01823+0.00232012i,17.1302
0.0463158,-0.861983,-0.796924,-0.163699,0.0180588+0.00218238i,2.5674
0.0463158,-0.793024,-0.73317,-0.163699,0.0178732+0.00203954i,0.808109
0.0463158,-0.724066,-0.669416,-0.163699,0.0176705+0.00189134i,0.321882
0.0463158,-0.655107,-0.605662,-0.163699,0.0174492+0.00173764i,0.141091
0.0463158,-0.586148,-0.541909,-0.163699,0.0172081+0.00157837i,0.0644248
0.0463158,-0.51719,-0.478155,-0.163699,0.0169465+0.00141352i,0.0300341
0.0463158,-0.448231,-0.414401,-0.163699,0.0166641+0.00124315i,0.0144095
0.0463158,-0.379272,-0.350647,-0.163699,0.0163606+0.00106732i,0.00747003
0.0463158,-0.310314,-0.286893,-0.163699,0.0160361+0.000886159i,0.00465281
0.0463158,-0.241355,-0.223139,-0.163699,0.0156907+0.000699813i,0.00392851
0.0463158,-0.172397,-0.159385,-0.163699,0.0153246+0.000508463i,0.00452471
0.0463158,-0.103438,-0.0956309,-0.163699,0.0149384+0.000312315i,0.0063252
0.0463158,-0.0344793,-0.031877,-0.163699,0.0145326+0.000111607i,0.00956634
0.0463158,0.0344793,0.031877,-0.163699,0.0141079-9.33963e-05i,0.0146768
0.0463158,0.103438,0.0956309,-0.163699,0.0136652-0.000302406i,0.0221934
0.0463158,0.172397,0.159385,-0.163699,0.0132054-0.000515105i,0.0327238
0.0463158,0.241355,0.223139,-0.163699,0.0127295-0.000731153i,0.0469439
0.0463158,0.310314,0.286893,-0.163699,0.0122388-0.000950186i,0.0656305
0.0463158,0.379272,0.350647,-0.163699,0.0117345-0.00117182i,0.0897401
0.0463158,0.448231,0.414401,-0.163699,0.0112182-0.00139565i,0.120566
0.0463158,0.51719,0.478155,-0.163699,0.0106913-0.00162126i,0.160037
0.0463158,0.586148,0.541909,-0.163699,0.0101555-0.00184824i,0.211341
0.0463158,0.655107,0.605662,-0.163699,0.00961258-0.00207616i,0.28031
0.0463158,0.724066,0.669416,-0.163699,0.00906443-0.00230465i,0.379092
0.0463158,0.793024,0.73317,-0.163699,0.00851296-0.00253337i,0.538378
0.0463158,0.861983,0.796924,-0.163699,0.00796008-0.00276212i,0.869619
0.0463158,0.930941,0.860678,-0.163699,0.00740768-0.00299091i,2.41273
0.0463158,0.9999,0.924432,-0.163699,0.00685742-0.00322054i,8.87716e+10
0.0495526,-0.9999,-0.927292,-0.175139,0.0208236+0.00266208i,6.35173e+11
0.0495526,-0.930941,-0.863341,-0.175139,0.020631+0.00251938i,22.4157
0.0495526,-0.861983,-0.79939,-0.175139,0.0204281+0.00237191i,3.26353
0.0495526,-0.793024,-0.735438,-0.175139,0.0202086+0.00221897i,1.01049
0.0495526,-0.724066,-0.671487,-0.175139,0.0199695+0.00206026i,0.398147
0.0495526,-0.655107,-0.607536,-0.175139,0.0197091+0.00189562i,0.173083
0.0495526,-0.586148,-0.543585,-0.175139,0.0194261+0.00172498i,0.0784697
0.0495526,-0.51719,-0.479634,-0.175139,0.0191196+0.00154831i,0.0363447
0.0495526,-0.448231,-0.415683,-0.175139,0.0187892+0.00136567i,0.017356
0.0495526,-0.379272,-0.351731,-0.175139,0.0184347+0.00117712i,0.00900977
0.0495526,-0.310314,-0.28778,-0.175139,0.0180561+0.000982792i,0.00567825
0.0495526,-0.241355,-0.223829,-0.175139,0.0176535+0.000782836i,0.0048603
0.0495526,-0.172397,-0.159878,-0.175139,0.0172274+0.00057744i,0.00559273
0.0495526,-0.103438,-0.0959268,-0.175139,0.0167781+0.000366823i,0.00770718
0.0495526,-0.0344793,-0.0319756,-0.175139,0.0163064+0.000151233i,0.011456
0.0495526,0.0344793,0.0319756,-0.175139,0.015813-6.90517e-05i,0.0173145
0.0495526,0.103438,0.0959268,-0.175139,0.015299-0.000293724i,0.0258765
0.0495526,0.172397,0.159878,-0.175139,0.0147654-0.000522449i,0.0378042
0.0495526,0.241355,0.223829,-0.175139,0.0142133-0.000754868i,0.0538192
0.0495526,0.310314,0.28778,-0.175139,0.0136442-0.000990593i,0.0747305
0.0495526,0.379272,0.351731,-0.175139,0.0130595-0.00122922i,0.101512
0.0495526,0.448231,0.415683,-0.175139,0.0124609-0.00147031i,0.135458
0.0495526,0.51719,0.479634,-0.175139,0.0118502-0.00171344i,0.178479
0.0495526,0.586148,0.543585,-0.175139,0.0112291-0.00195815i,0.233716
0.0495526,0.655107,0.607536,-0.175139,0.0105999-0.00220399i,0.306911
0.0495526,0.724066,0.671487,-0.175139,0.00996446-0.00245056i,0.41002
0.0495526,0.793024,0.735438,-0.175139,0.0093251-0.0026975i,0.573488
0.0495526,0.861983,0.79939,-0.175139,0.008684-0.00294456i,0.911856
0.0495526,0.930941,0.863341,-0.175139,0.00804329-0.00319176i,2.63596
0.0495526,0.9999,0.927292,-0.175139,0.00740489-0.00343986i,1.31557e+11
0.0527895,-0.9999,-0.930152,-0.186579,0.0234711+0.00287291i,9.07091e+11
0.0527895,-0.930941,-0.866003,-0.186579,0.0232444+0.00272068i,29.0684
0.0527895,-0.861983,-0.801855,-0.186579,0.0230058+0.00256337i,4.12438
0.0527895,-0.793024,-0.737707,-0.186579,0.0227484+0.00240022i,1.25807
0.0527895,-0.724066,-0.673558,-0.186579,0.0224686+0.0022309i,0.490791
0.0527895,-0.655107,-0.60941,-0.186579,0.0221645+0.00205523i,0.211764
0.0527895,-0.586148,-0.545261,-0.186579,0.0218345+0.0018731i,0.0954042
0.0527895,-0.51719,-0.481113,-0.186579,0.0214779+0.0016845i,0.04395
0.0527895,-0.448231,-0.416965,-0.186579,0.021094+0.00148947i,0.0209197
0.0527895,-0.379272,-0.352816,-0.186579,0.0206827+0.00128808i,0.0108922
0.0527895,-0.310314,-0.288668,-0.186579,0.0202438+0.00108047i,0.00695403
0.0527895,-0.241355,-0.224519,-0.186579,0.0197777+0.000866778i,0.00603577
0.0527895,-0.172397,-0.160371,-0.186579,0.0192846+0.000647211i,0.00694376
0.0527895,-0.103438,-0.0962226,-0.186579,0.0187653+0.000421995i,0.00944449
0.0527895,-0.0344793,-0.0320742,-0.186579,0.0182204+0.000191393i,0.0138055
0.0527895,0.0344793,0.0320742,-0.186579,0.0176508-4.43048e-05i,0.0205526
0.0527895,0.103438,0.0962226,-0.186579,0.0170575-0.000284775i,0.0303403
0.0527895,0.172397,0.160371,-0.186579,0.016442-0.000529665i,0.0438871
0.0527895,0.241355,0.224519,-0.186579,0.0158054-0.000778594i,0.0619572
0.0527895,0.310314,0.288668,-0.186579,0.0151493-0.00103115i,0.0853826
0.0527895,0.379272,0.352816,-0.186579,0.0144754-0.00128692i,0.115136
0.0527895,0.448231,0.416965,-0.186579,0.0137856-0.00154542i,0.152479
0.0527895,0.51719,0.481113,-0.186579,0.0130819-0.00180621i,0.199252
0.0527895,0.586148,0.545261,-0.186579,0.0123664-0.0020688i,0.258456
0.0527895,0.655107,0.60941,-0.186579,0.0116413-0.00233272i,0.335564
0.0527895,0.724066,0.673558,-0.186579,0.0109092-0.00259753i,0.441994
0.0527895,0.793024,0.737707,-0.186579,0.0101724-0.00286283i,0.607202
0.0527895,0.861983,0.801855,-0.186579,0.00943343-0.00312837i,0.948191
0.0527895,0.930941,0.866003,-0.186579,0.00869477-0.00339413i,2.90929
0.0527895,0.9999,0.930152,-0.186579,0.00795861-0.00366087i,1.92462e+11
0.0560263,-0.9999,-0.933012,-0.198019,0.0263521+0.00308497i,1.27069e+12
0.0560263,-0.930941,-0.868666,-0.198019,0.0260871+0.00292314i,37.3845
0.0560263,-0.861983,-0.80432,-0.198019,0.0258087+0.00275594i,5.18416
0.0560263,-0.793024,-0.739975,-0.198019,0.0255087+0.00258253i,1.56004
0.0560263,-0.724066,-0.675629,-0.198019,0.0251834+0.00240254i,0.603113
0.0560263,-0.655107,-0.611283,-0.198019,0.0248304+0.00221576i,0.258492
0.0560263,-0.586148,-0.546938,-0.198019,0.0244481+0.00202209i,0.115832
0.0560263,-0.51719,-0.482592,-0.198019,0.0240355+0.0018215i,0.0531361
0.0560263,-0.448231,-0.418247,-0.198019,0.023592+0.00161402i,0.0252491
0.0560263,-0.379272,-0.353901,-0.198019,0.0231174+0.00139974i,0.0132077
0.0560263,-0.310314,-0.289555,-0.198019,0.0226115+0.00117877i,0.00854899
0.0560263,-0.241355,-0.22521,-0.198019,0.0220747+0.000951287i,0.00752013
0.0560263,-0.172397,-0.160864,-0.198019,0.0215074+0.000717487i,0.00864931
0.0560263,-0.103438,-0.0965184,-0.198019,0.0209103+0.000477611i,0.0116219
0.0560263,-0.0344793,-0.0321728,-0.198019,0.0202841+0.000231933i,0.0167189
0.0560263,0.0344793,0.0321728,-0.198019,0.0196299-1.92424e-05i,0.0245204
0.0560263,0.103438,0.0965184,-0.198019,0.0189489-0.000275575i,0.0357453
0.0560263,0.172397,0.160864,-0.198019,0.0182424-0.000536694i,0.051169
0.0560263,0.241355,0.22521,-0.198019,0.0175122-0.0008022i,0.0715933
0.0560263,0.310314,0.289555,-0.198019,0.0167597-0.00107166i,0.0978603
0.0560263,0.379272,0.353901,-0.198019,0.0159871-0.00134463i,0.130917
0.0560263,0.448231,0.418247,-0.198019,0.0151962-0.00162062i,0.171952
0.0560263,0.51719,0.482592,-0.198019,0.0143895-0.00189914i,0.222663
0.0560263,0.586148,0.546938,-0.198019,0.0135693-0.00217968i,0.285797
0.0560263,0.655107,0.611283,-0.198019,0.0127382-0.00246175i,0.366344
0.0560263,0.724066,0.675629,-0.198019,0.0118989-0.00274487i,0.474756
0.0560263,0.793024,0.739975,-0.198019,0.0110542-0.00302862i,0.638668
0.0560263,0.861983,0.80432,-0.198019,0.0102068-0.00331271i,0.977592
0.0560263,0.930941,0.868666,-0.198019,0.00935967-0.00359712i,3.26565
0.0560263,0.9999,0.933012,-0.198019,0.00851518-0.00388257i,2.78415e+11
0.0592632,-0.9999,-0.935871,-0.20946,0.0294855+0.00329721i,1.75039e+12
0.0592632,-0.930941,-0.871328,-0.20946,0.0291777+0.00312579i,47.7146
0.0592632,-0.861983,-0.806786,-0.20946,0.0288545+0.00294868i,6.48336
0.0592632,-0.793024,-0.742243,-0.20946,0.0285069+0.002765i,1.92727
0.0592632,-0.724066,-0.6777,-0.20946,0.0281307+0.00257433i,0.739028
0.0592632,-0.655107,-0.613157,-0.20946,0.0277231+0.00237645i,0.314885
0.0592632,-0.586148,-0.548614,-0.20946,0.0272825+0.00217123i,0.140477
0.0592632,-0.51719,-0.484071,-0.20946,0.0268076+0.00195865i,0.0642496
0.0592632,-0.448231,-0.419529,-0.20946,0.0262978+0.00173873i,0.0305269
0.0592632,-0.379272,-0.354986,-0.20946,0.0257528+0.00151155i,0.0160694
0.0592632,-0.310314,-0.290443,-0.20946,0.0251725+0.00127724i,0.0105501
0.0592632,-0.241355,-0.2259,-0.20946,0.0245572+0.00103596i,0.00939553
0.0592632,-0.172397,-0.161357,-0.20946,0.0239075+0.00078794i,0.0107987
0.0592632,-0.103438,-0.0968143,-0.20946,0.023224+0.000533416i,0.0143443
0.0592632,-0.0344793,-0.0322714,-0.20946,0.0225077+0.000272674i,0.020324
0.0592632,0.0344793,0.0322714,-0.20946,0.0217598+6.03703e-06i,0.0293756
0.0592632,0.103438,0.0968143,-0.20946,0.0209815-0.000266142i,0.0422859
0.0592632,0.172397,0.161357,-0.20946,0.0201745-0.000543473i,0.0598867
0.0592632,0.241355,0.2259,-0.20946,0.0193405-0.000825538i,0.0830098
0.0592632,0.310314,0.290443,-0.20946,0.0184814-0.00111189i,0.11249
0.0592632,0.379272,0.354986,-0.20946,0.0175993-0.00140204i,0.149217
0.0592632,0.448231,0.419529,-0.20946,0.0166967-0.00169549i,0.194255
0.0592632,0.51719,0.484071,-0.20946,0.015776-0.00199172i,0.249074
0.0592632,0.586148,0.548614,-0.20946,0.01484-0.00229019i,0.316019
0.0592632,0.655107,0.613157,-0.20946,0.0138915-0.00259039i,0.399336
0.0592632,0.724066,0.6777,-0.20946,0.0129337-0.0028918i,0.508013
0.0592632,0.793024,0.742243,-0.20946,0.0119695-0.00319399i,0.666992
0.0592632,0.861983,0.806786,-0.20946,0.0110023-0.00349662i,0.999568
0.0592632,0.930941,0.871328,-0.20946,0.010035-0.00379964i,3.75506
0.0592632,0.9999,0.935871,-0.20946,0.00907063-0.0041038i,3.98709e+11
0.0625,-0.9999,-0.938731,-0.2209,0.0328915+0.00350845i,2.37582e+12
0.0625,-0.930941,-0.873991,-0.2209,0.0325357+0.00332746i,60.4729
0.0625,-0.861983,-0.809251,-0.2209,0.0321625+0.00314051i,8.06983
0.0625,-0.793024,-0.744511,-0.2209,0.0317618+0.0029466i,2.3726
0.0625,-0.724066,-0.679771,-0.2209,0.0313287+0.00274531i,0.903166
0.0625,-0.655107,-0.615031,-0.2209,0.0308603+0.00253638i,0.382863
0.0625,-0.586148,-0.550291,-0.2209,0.0303547+0.00231968i,0.170204
0.0625,-0.51719,-0.485551,-0.2209,0.0298105+0.00209518i,0.0777094
0.0625,-0.448231,-0.420811,-0.2209,0.0292269+0.00186289i,0.0369776
0.0625,-0.379272,-0.35607,-0.2209,0.0286037+0.00162289i,0.0196182
0.0625,-0.310314,-0.29133,-0.2209,0.0279409+0.00137532i,0.0130664
0.0625,-0.241355,-0.22659,-0.2209,0.0272386+0.00112035i,0.0117646
0.0625,-0.172397,-0.16185,-0.2209,0.0264975+0.000858196i,0.0135025
0.0625,-0.103438,-0.0971101,-0.2209,0.0257183+0.00058912i,0.0177404
0.0625,-0.0344793,-0.03237,-0.2209,0.0249022+0.000313417i,0.0247768
0.0625,0.0344793,0.03237,-0.2209,0.0240505+3.14224e-05i,0.0353098
0.0625,0.103438,0.0971101,-0.2209,0.0231646-0.000256494i,0.0501971
0.0625,0.172397,0.16185,-0.2209,0.0222462-0.000549927i,0.0703248
0.0625,0.241355,0.22659,-0.2209,0.0212974-0.000848435i,0.0965448
0.0625,0.310314,0.29133,-0.2209,0.0203203-0.00115155i,0.129662
0.0625,0.379272,0.35607,-0.2209,0.0193174-0.00145876i,0.170468
0.0625,0.448231,0.420811,-0.2209,0.0182911-0.00176956i,0.219839
0.0625,0.51719,0.485551,-0.2209,0.0172445-0.00208338i,0.27891
0.0625,0.586148,0.550291,-0.2209,0.0161804-0.00239966i,0.349448
0.0625,0.655107,0.615031,-0.2209,0.0151022-0.00271786i,0.434644
0.0625,0.724066,0.679771,-0.2209,0.0140133-0.00303744i,0.541452
0.0625,0.793024,0.744511,-0.2209,0.0129171-0.00335793i,0.691273
0.0625,0.861983,0.809251,-0.2209,0.0118173-0.00367898i,1.01452
0.0625,0.930941,0.873991,-0.2209,0.0107173-0.00400051i,4.4512
0.0625,0.9999,0.938731,-0.2209,0.00962031-0.00432324i,5.65706e+11
