tau,z,PK,QQ,scattering_amp,|scattering_amp|2
0.001,-0.9999,-0.884395,-0.0035344,-0.000781486+0.000773536i,-1.12456e+07
0.001,-0.930941,-0.823402,-0.0035344,-0.000524432+0.000613722i,347.933
0.001,-0.861983,-0.76241,-0.0035344,-0.000425109+0.000560263i,346.728
0.001,-0.793024,-0.701417,-0.0035344,-0.000353668+0.000526757i,340.929
0.001,-0.724066,-0.640424,-0.0035344,-0.000297122+0.000504276i,333.848
0.001,-0.655107,-0.579431,-0.0035344,-0.000250664+0.000489385i,326.146
0.001,-0.586148,-0.518439,-0.0035344,-0.000212009+0.000480373i,318.038
0.001,-0.51719,-0.457446,-0.0035344,-0.000179949+0.000476283i,309.618
0.001,-0.448231,-0.396453,-0.0035344,-0.000153828+0.000476552i,300.937
0.001,-0.379272,-0.33546,-0.0035344,-0.000133305+0.000480853i,292.03
0.001,-0.310314,-0.274467,-0.0035344,-0.000118233+0.00048901i,282.924
0.001,-0.241355,-0.213475,-0.0035344,-0.000108595+0.000500951i,273.642
0.001,-0.172397,-0.152482,-0.0035344,-0.000104463+0.000516685i,264.209
0.001,-0.103438,-0.0914892,-0.0035344,-0.000105978+0.00053628i,254.647
0.001,-0.0344793,-0.0304964,-0.0035344,-0.000113333+0.000559855i,244.98
0.001,0.0344793,0.0304964,-0.0035344,-0.000126766+0.000587576i,235.233
0.001,0.103438,0.0914892,-0.0035344,-0.000146559+0.000619651i,225.433
0.001,0.172397,0.152482,-0.0035344,-0.000173034+0.000656335i,215.606
0.001,0.241355,0.213475,-0.0035344,-0.000206565+0.000697932i,205.784
0.001,0.310314,0.274467,-0.0035344,-0.000247584+0.000744809i,196.002
0.001,0.379272,0.33546,-0.0035344,-0.000296601+0.000797414i,186.299
0.001,0.448231,0.396453,-0.0035344,-0.000354237+0.000856301i,176.72
0.001,0.51719,0.457446,-0.0035344,-0.000421274+0.000922185i,167.324
0.001,0.586148,0.518439,-0.0035344,-0.000498743+0.000996021i,158.187
0.001,0.655107,0.579431,-0.0035344,-0.000588089+0.00107915i,149.424
0.001,0.724066,0.640424,-0.0035344,-0.000691491+0.00117362i,141.231
0.001,0.793024,0.701417,-0.0035344,-0.000812588+0.00128276i,134.023
0.001,0.861983,0.76241,-0.0035344,-0.000958461+0.00141302i,128.977
0.001,0.930941,0.823402,-0.0035344,-0.00114738+0.00158047i,131.942
0.001,0.9999,0.884395,-0.0035344,-0.00155574+0.00193338i,-1.12149e+08
0.00423684,-0.9999,-0.887255,-0.0149747,-0.00146054+0.00154271i,-5.20371e+07
0.00423684,-0.930941,-0.826065,-0.0149747,-0.00134023+0.00112111i,0.635487
0.00423684,-0.861983,-0.764875,-0.0149747,-0.00124957+0.000943342i,0.5364
0.00423684,-0.793024,-0.703685,-0.0149747,-0.00116103+0.000812761i,0.485797
0.00423684,-0.724066,-0.642495,-0.0149747,-0.0010728+0.000708954i,0.444682
0.00423684,-0.655107,-0.581305,-0.0149747,-0.000984704+0.000624084i,0.408143
0.00423684,-0.586148,-0.520115,-0.0149747,-0.000896999+0.000554248i,0.375058
0.00423684,-0.51719,-0.458925,-0.0149747,-0.000810159+0.000497245i,0.345126
0.00423684,-0.448231,-0.397735,-0.0149747,-0.000724759+0.000451759i,0.318282
0.00423684,-0.379272,-0.336545,-0.0149747,-0.000641434+0.000416984i,0.294531
0.00423684,-0.310314,-0.275355,-0.0149747,-0.000560862+0.000392433i,0.273893
0.00423684,-0.241355,-0.214165,-0.0149747,-0.000483749+0.000377834i,0.256385
0.00423684,-0.172397,-0.152975,-0.0149747,-0.000410828+0.000373059i,0.242013
0.00423684,-0.103438,-0.091785,-0.0149747,-0.000342849+0.000378092i,0.230776
0.00423684,-0.0344793,-0.030595,-0.0149747,-0.000280584+0.000392993i,0.222672
0.00423684,0.0344793,0.030595,-0.0149747,-0.000224824+0.000417889i,0.217711
0.00423684,0.103438,0.091785,-0.0149747,-0.000176385+0.000452959i,0.215929
0.00423684,0.172397,0.152975,-0.0149747,-0.000136108+0.000498431i,0.217418
0.00423684,0.241355,0.214165,-0.0149747,-0.00010487+0.000554583i,0.222361
0.00423684,0.310314,0.275355,-0.0149747,-8.35977e-05+0.00062175i,0.231088
0.00423684,0.379272,0.336545,-0.0149747,-7.32843e-05+0.000700342i,0.244171
0.00423684,0.448231,0.397735,-0.0149747,-7.50249e-05+0.000790868i,0.26258
0.00423684,0.51719,0.458925,-0.0149747,-9.00684e-05+0.000893993i,0.287966
0.00423684,0.586148,0.520115,-0.0149747,-0.000119909+0.00101062i,0.323233
0.00423684,0.655107,0.581305,-0.0149747,-0.000166455+0.00114208i,0.373767
0.00423684,0.724066,0.642495,-0.0149747,-0.000232357+0.00129041i,0.450546
0.00423684,0.793024,0.703685,-0.0149747,-0.000321756+0.0014592i,0.579509
0.00423684,0.861983,0.764875,-0.0149747,-0.000442299+0.00165553i,0.839677
0.00423684,0.930941,0.826065,-0.0149747,-0.000612945+0.00189812i,1.63832
0.00423684,0.9999,0.887255,-0.0149747,-0.00100903+0.00237024i,-3.66501e+08
0.00747368,-0.9999,-0.890115,-0.026415,-0.00217709+0.00201842i,-1.75694e+08
0.00747368,-0.930941,-0.828728,-0.026415,-0.00221948+0.00141089i,0.209364
0.00747368,-0.861983,-0.76734,-0.026415,-0.00214509+0.00114877i,0.0666561
0.00747368,-0.793024,-0.705953,-0.026415,-0.0020439+0.000953568i,0.032505
0.00747368,-0.724066,-0.644566,-0.026415,-0.00192681+0.000796453i,0.0181291
0.00747368,-0.655107,-0.583179,-0.026415,-0.00179876+0.000666382i,0.0102457
0.00747368,-0.586148,-0.521791,-0.026415,-0.00166286+0.000557876i,0.00515726
0.00747368,-0.51719,-0.460404,-0.026415,-0.00152135+0.000467859i,0.00152891
0.00747368,-0.448231,-0.399017,-0.026415,-0.00137612+0.000394494i,-0.0011796
0.00747368,-0.379272,-0.33763,-0.026415,-0.00122881+0.000336658i,-0.00318578
0.00747368,-0.310314,-0.276243,-0.026415,-0.00108094+0.000293667i,-0.00455782
0.00747368,-0.241355,-0.214855,-0.026415,-0.000933929+0.000265131i,-0.00528711
0.00747368,-0.172397,-0.153468,-0.026415,-0.000789169+0.000250854i,-0.00532096
0.00747368,-0.103438,-0.0920808,-0.026415,-0.000648012+0.000250783i,-0.00457727
0.00747368,-0.0344793,-0.0306936,-0.026415,-0.000511799+0.000264966i,-0.00294983
0.00747368,0.0344793,0.0306936,-0.026415,-0.000381864+0.000293529i,-0.000307482
0.00747368,0.103438,0.0920808,-0.026415,-0.000259547+0.000336658i,0.00351207
0.00747368,0.172397,0.153468,-0.026415,-0.000146203+0.000394592i,0.00871437
0.00747368,0.241355,0.214855,-0.026415,-4.321e-05+0.000467623i,0.0155689
0.00747368,0.310314,0.276243,-0.026415,4.80106e-05+0.000556097i,0.0244434
0.00747368,0.379272,0.33763,-0.026415,0.000125975+0.000660436i,0.0358611
0.00747368,0.448231,0.399017,-0.026415,0.000189102+0.000781162i,0.0506024
0.00747368,0.51719,0.460404,-0.026415,0.000235657+0.000918963i,0.0698922
0.00747368,0.586148,0.521791,-0.026415,0.000263657+0.00107478i,0.0957767
0.00747368,0.655107,0.583179,-0.026415,0.0002707+0.00125002i,0.131957
0.00747368,0.724066,0.644566,-0.026415,0.000253625+0.00144693i,0.185891
0.00747368,0.793024,0.705953,-0.026415,0.000207761+0.00166945i,0.275232
0.00747368,0.861983,0.76734,-0.026415,0.000124911+0.00192572i,0.454389
0.00747368,0.930941,0.828728,-0.026415,-1.43276e-05+0.00223756i,1.01138
0.00747368,0.9999,0.890115,-0.026415,-0.000379258+0.00282555i,-5.70858e+08
0.0107105,-0.9999,-0.892975,-0.0378553,-0.00295955+0.00239278i,-3.28767e+08
0.0107105,-0.930941,-0.83139,-0.0378553,-0.0031871+0.00162472i,0.330426
0.0107105,-0.861983,-0.769806,-0.0378553,-0.00313355+0.00129189i,0.0842458
0.0107105,-0.793024,-0.708221,-0.0378553,-0.00302098+0.00104315i,0.0317194
0.0107105,-0.724066,-0.646637,-0.0378553,-0.00287448+0.000842219i,0.0127796
0.0107105,-0.655107,-0.585052,-0.0378553,-0.00270472+0.000675271i,0.00445292
0.0107105,-0.586148,-0.523468,-0.0378553,-0.0025179+0.000535471i,0.000388041
0.0107105,-0.51719,-0.461883,-0.0378553,-0.00231825+0.000419002i,-0.00173404
0.0107105,-0.448231,-0.400299,-0.0378553,-0.00210905+0.000323603i,-0.00288331
0.0107105,-0.379272,-0.338714,-0.0378553,-0.00189303+0.000247896i,-0.00348187
0.0107105,-0.310314,-0.27713,-0.0378553,-0.00167259+0.000191058i,-0.00369737
0.0107105,-0.241355,-0.215546,-0.0378553,-0.00144994+0.000152617i,-0.00356651
0.0107105,-0.172397,-0.153961,-0.0378553,-0.00122715+0.000132348i,-0.00305188
0.0107105,-0.103438,-0.0923767,-0.0378553,-0.0010062+0.000130192i,-0.0020694
0.0107105,-0.0344793,-0.0307922,-0.0378553,-0.000789036+0.000146209i,-0.000501094
0.0107105,0.0344793,0.0307922,-0.0378553,-0.000577556+0.000180552i,0.00180093
0.0107105,0.103438,0.0923767,-0.0378553,-0.000373652+0.000233437i,0.00501685
0.0107105,0.172397,0.153961,-0.0378553,-0.000179216+0.000305141i,0.00936804
0.0107105,0.241355,0.215546,-0.0378553,3.84338e-06+0.00039599i,0.0151342
0.0107105,0.310314,0.27713,-0.0378553,0.000173585+0.000506372i,0.0226833
0.0107105,0.379272,0.338714,-0.0378553,0.000328005+0.000636747i,0.0325231
0.0107105,0.448231,0.400299,-0.0378553,0.000465007+0.000787686i,0.0453932
0.0107105,0.51719,0.461883,-0.0378553,0.000582338+0.000959932i,0.062437
0.0107105,0.586148,0.523468,-0.0378553,0.000677494+0.00115452i,0.085549
0.0107105,0.655107,0.585052,-0.0378553,0.000747546+0.00137299i,0.118148
0.0107105,0.724066,0.646637,-0.0378553,0.000788792+0.00161784i,0.167144
0.0107105,0.793024,0.708221,-0.0378553,0.000796016+0.00189355i,0.24902
0.0107105,0.861983,0.769806,-0.0378553,0.000760498+0.00220944i,0.415364
0.0107105,0.930941,0.83139,-0.0378553,0.000662615+0.00259093i,0.948759
0.0107105,0.9999,0.892975,-0.0378553,0.000342993+0.00329906i,-6.70283e+08
0.0139474,-0.9999,-0.895834,-0.0492956,-0.00382047+0.00271068i,-2.5079e+08
0.0139474,-0.930941,-0.834053,-0.0492956,-0.00425607+0.00179575i,0.539222
0.0139474,-0.861983,-0.772271,-0.0492956,-0.00422739+0.00139975i,0.131882
0.0139474,-0.793024,-0.710489,-0.0492956,-0.0041039+0.00110354i,0.0502991
0.0139474,-0.724066,-0.648708,-0.0492956,-0.00392648+0.000863962i,0.0217699
0.0139474,-0.655107,-0.586926,-0.0492956,-0.00371217+0.000664609i,0.00963316
0.0139474,-0.586148,-0.525144,-0.0492956,-0.00347056+0.000497421i,0.00399386
0.0139474,-0.51719,-0.463363,-0.0492956,-0.00320806+0.000357929i,0.00126464
0.0139474,-0.448231,-0.401581,-0.0492956,-0.00292948+0.000243501i,-6.56953e-05
0.0139474,-0.379272,-0.339799,-0.0492956,-0.00263873+0.00015256i,-0.00067411
0.0139474,-0.310314,-0.278018,-0.0492956,-0.00233918+8.41746e-05i,-0.000853642
0.0139474,-0.241355,-0.216236,-0.0492956,-0.00203384+3.78306e-05i,-0.000701759
0.0139474,-0.172397,-0.154454,-0.0492956,-0.00172554+1.32967e-05i,-0.000207362
0.0139474,-0.103438,-0.0926725,-0.0492956,-0.00141693+1.05352e-05i,0.000706499
0.0139474,-0.0344793,-0.0308908,-0.0492956,-0.00111058+2.96455e-05i,0.00216158
0.0139474,0.0344793,0.0308908,-0.0492956,-0.000809016+7.08261e-05i,0.00431553
0.0139474,0.103438,0.0926725,-0.0492956,-0.000514705+0.000134349i,0.00736137
0.0139474,0.172397,0.154454,-0.0492956,-0.000230113+0.000220548i,0.0115344
0.0139474,0.241355,0.216236,-0.0492956,4.22883e-05+0.000329809i,0.0171281
0.0139474,0.310314,0.278018,-0.0492956,0.000299999+0.00046258i,0.0245236
0.0139474,0.379272,0.339799,-0.0492956,0.000540462+0.000619387i,0.0342408
0.0139474,0.448231,0.401581,-0.0492956,0.000761029+0.000800873i,0.047031
0.0139474,0.51719,0.463363,-0.0492956,0.000958892+0.00100787i,0.0640513
0.0139474,0.586148,0.525144,-0.0492956,0.00113099+0.00124154i,0.0872177
0.0139474,0.655107,0.586926,-0.0492956,0.00127384+0.0015036i,0.119996
0.0139474,0.724066,0.648708,-0.0492956,0.00138316+0.00179688i,0.169428
0.0139474,0.793024,0.710489,-0.0492956,0.00145318+0.00212648i,0.252452
0.0139474,0.861983,0.772271,-0.0492956,0.00147469+0.00250309i,0.422879
0.0139474,0.930941,0.834053,-0.0492956,0.00142811+0.00295612i,0.985951
0.0139474,0.9999,0.895834,-0.0492956,0.00116794+0.00379055i,-5.86684e+08
0.0171842,-0.9999,-0.898694,-0.0607359,-0.00477002+0.00299085i,6.03175e+08
0.0171842,-0.930941,-0.836715,-0.0607359,-0.00543784+0.00193791i,0.840801
0.0171842,-0.861983,-0.774736,-0.0607359,-0.00543796+0.00148376i,0.19527
0.0171842,-0.793024,-0.712757,-0.0607359,-0.00530363+0.00114411i,0.0741443
0.0171842,-0.724066,-0.650778,-0.0607359,-0.00509324+0.000869235i,0.0327158
0.0171842,-0.655107,-0.5888,-0.0607359,-0.00483085+0.000640334i,0.0152769
0.0171842,-0.586148,-0.526821,-0.0607359,-0.00452983+0.000448205i,0.00723682
0.0171842,-0.51719,-0.464842,-0.0607359,-0.00419895+0.000287784i,0.00337968
0.0171842,-0.448231,-0.402863,-0.0607359,-0.00384471+0.000156124i,0.00151496
0.0171842,-0.379272,-0.340884,-0.0607359,-0.00347229+5.1483e-05i,0.000651172
0.0171842,-0.310314,-0.278905,-0.0607359,-0.00308609-2.71427e-05i,0.000342614
0.0171842,-0.241355,-0.216926,-0.0607359,-0.00269004-8.02804e-05i,0.000418513
0.0171842,-0.172397,-0.154947,-0.0607359,-0.00228775-0.000108139i,0.000858432
0.0171842,-0.103438,-0.0929684,-0.0607359,-0.00188259-0.000110711i,0.00173081
0.0171842,-0.0344793,-0.0309895,-0.0607359,-0.00147784-8.78349e-05i,0.00316193
0.0171842,0.0344793,0.0309895,-0.0607359,-0.00107664-3.92417e-05i,0.00532144
0.0171842,0.103438,0.0929684,-0.0607359,-0.000682101+3.54171e-05i,0.00841865
0.0171842,0.172397,0.154947,-0.0607359,-0.00029731+0.000136553i,0.0127078
0.0171842,0.241355,0.216926,-0.0607359,7.46638e-05+0.000264634i,0.0185034
0.0171842,0.310314,0.278905,-0.0607359,0.000430721+0.000420192i,0.0262104
0.0171842,0.379272,0.340884,-0.0607359,0.000767713+0.00060384i,0.0363769
0.0171842,0.448231,0.402863,-0.0607359,0.0010824+0.00081632i,0.049792
0.0171842,0.51719,0.464842,-0.0607359,0.00137137+0.00105858i,0.0676686
0.0171842,0.586148,0.526821,-0.0607359,0.00163098+0.00133194i,0.0920177
0.0171842,0.655107,0.5888,-0.0607359,0.00185714+0.00163835i,0.126488
0.0171842,0.724066,0.650778,-0.0607359,0.00204499+0.00198101i,0.178531
0.0171842,0.793024,0.712757,-0.0607359,0.00218818+0.00236574i,0.26621
0.0171842,0.861983,0.774736,-0.0607359,0.00227707+0.00280475i,0.447701
0.0171842,0.930941,0.836715,-0.0607359,0.00229238+0.00333188i,1.0645
0.0171842,0.9999,0.898694,-0.0607359,0.00210679+0.00429971i,-2.07419e+08
0.0204211,-0.9999,-0.901554,-0.0721762,-0.00581804+0.00324297i,3.15646e+09
0.0204211,-0.930941,-0.839378,-0.0721762,-0.00674386+0.0020585i,1.26681
0.0204211,-0.861983,-0.777202,-0.0721762,-0.00677678+0.00154997i,0.277327
0.0204211,-0.793024,-0.715025,-0.0721762,-0.00663145+0.00116985i,0.1036
0.0204211,-0.724066,-0.652849,-0.0721762,-0.00638563+0.000862132i,0.0456151
0.0204211,-0.655107,-0.590673,-0.0721762,-0.00607111+0.000605703i,0.0214755
0.0204211,-0.586148,-0.528497,-0.0721762,-0.0057054+0.000390308i,0.0104081
0.0204211,-0.51719,-0.466321,-0.0721762,-0.0052999+0.000210344i,0.00511515
0.0204211,-0.448231,-0.404145,-0.0721762,-0.00486292+6.25914e-05i,0.00255563
0.0204211,-0.379272,-0.341969,-0.0721762,-0.00440105-5.48197e-05i,0.00135108
0.0204211,-0.310314,-0.279793,-0.0721762,-0.00391982-0.000142932i,0.000870731
0.0204211,-0.241355,-0.217616,-0.0721762,-0.00342412-0.000202257i,0.000856313
0.0204211,-0.172397,-0.15544,-0.0721762,-0.0029184-0.000232954i,0.00125059
0.0204211,-0.103438,-0.0932642,-0.0721762,-0.00240686-0.000234944i,0.00211284
0.0204211,-0.0344793,-0.0310881,-0.0721762,-0.00189347-0.000207979i,0.00357572
0.0204211,0.0344793,0.0310881,-0.0721762,-0.00138209-0.000151697i,0.00582413
0.0204211,0.103438,0.0932642,-0.0721762,-0.00087651-6.56504e-05i,0.00908781
0.0204211,0.172397,0.15544,-0.0721762,-0.000380465+5.06735e-05i,0.0136449
0.0204211,0.241355,0.217616,-0.0721762,0.00010232+0.000197847i,0.019837
0.0204211,0.310314,0.279793,-0.0721762,0.000568105+0.000376506i,0.0281001
0.0204211,0.379272,0.341969,-0.0721762,0.0010131+0.000587376i,0.039021
0.0204211,0.448231,0.404145,-0.0721762,0.00143344+0.000831323i,0.053441
0.0204211,0.51719,0.466321,-0.0721762,0.00182507+0.00110944i,0.0726522
0.0204211,0.586148,0.528497,-0.0721762,0.00218372+0.00142323i,0.0987995
0.0204211,0.655107,0.590673,-0.0721762,0.00250465+0.00177492i,0.135786
0.0204211,0.724066,0.652849,-0.0721762,0.00278238+0.00216815i,0.191619
0.0204211,0.793024,0.715025,-0.0721762,0.00301002+0.00260952i,0.285845
0.0204211,0.861983,0.777202,-0.0721762,0.00317754+0.00311297i,0.482202
0.0204211,0.930941,0.839378,-0.0721762,0.00326627+0.00371716i,1.16758
0.0204211,0.9999,0.901554,-0.0721762,0.00317182+0.00482612i,6.29283e+08
0.0236579,-0.9999,-0.904414,-0.0836165,-0.00697457+0.00347263i,8.82436e+09
0.0236579,-0.930941,-0.84204,-0.0836165,-0.00818611+0.00216188i,1.85978
0.0236579,-0.861983,-0.779667,-0.0836165,-0.00825601+0.00160207i,0.38328
0.0236579,-0.793024,-0.717294,-0.0836165,-0.00809935+0.00118388i,0.140175
0.0236579,-0.724066,-0.65492,-0.0836165,-0.00781524+0.000845229i,0.0611356
0.0236579,-0.655107,-0.592547,-0.0836165,-0.00744402+0.000562807i,0.0286618
0.0236579,-0.586148,-0.530174,-0.0836165,-0.00700775+0.000325362i,0.0138862
0.0236579,-0.51719,-0.4678,-0.0836165,-0.00652068+0.000126809i,0.00685529
0.0236579,-0.448231,-0.405427,-0.0836165,-0.00599314-3.63073e-05i,0.0034652
0.0236579,-0.379272,-0.343053,-0.0836165,-0.00543321-0.000165944i,0.00186111
0.0236579,-0.310314,-0.28068,-0.0836165,-0.00484767-0.00026315i,0.00118759
0.0236579,-0.241355,-0.218307,-0.0836165,-0.00424245-0.000328392i,0.00108163
0.0236579,-0.172397,-0.155933,-0.0836165,-0.00362294-0.000361751i,0.00144274
0.0236579,-0.103438,-0.09356,-0.0836165,-0.00299417-0.000363047i,0.00232004
0.0236579,-0.0344793,-0.0311867,-0.0836165,-0.0023609-0.000331924i,0.00385442
0.0236579,0.0344793,0.0311867,-0.0836165,-0.00172776-0.0002679i,0.0062493
0.0236579,0.103438,0.09356,-0.0836165,-0.00109926-0.000170404i,0.00975894
0.0236579,0.172397,0.155933,-0.0836165,-0.000479836-3.87991e-05i,0.0146898
0.0236579,0.241355,0.218307,-0.0836165,0.00012608+0.000127613i,0.0214154
0.0236579,0.310314,0.28068,-0.0836165,0.000714061+0.000329599i,0.0304082
0.0236579,0.379272,0.343053,-0.0836165,0.00127964+0.00056802i,0.0423004
0.0236579,0.448231,0.405427,-0.0836165,0.00181824+0.000843888i,0.0579945
0.0236579,0.51719,0.4678,-0.0836165,0.00232517+0.00115847i,0.0788753
0.0236579,0.586148,0.530174,-0.0836165,0.00279544+0.00151349i,0.107244
0.0236579,0.655107,0.592547,-0.0836165,0.00322367+0.00191149i,0.147299
0.0236579,0.724066,0.65492,-0.0836165,0.00360374+0.0023566i,0.207686
0.0236579,0.793024,0.717294,-0.0836165,0.00392817+0.00285631i,0.309641
0.0236579,0.861983,0.779667,-0.0836165,0.00418666+0.00342644i,0.523198
0.0236579,0.930941,0.84204,-0.0836165,0.0043615+0.00411088i,1.28788
0.0236579,0.9999,0.904414,-0.0836165,0.00437651+0.00536922i,2.15588e+09
0.0268947,-0.9999,-0.907273,-0.0950568,-0.00825021+0.00368328i,1.96507e+10
0.0268947,-0.930941,-0.844703,-0.0950568,-0.00977731+0.00225087i,2.67326
0.0268947,-0.861983,-0.782132,-0.0950568,-0.00988859+0.0016425i,0.519703
0.0268947,-0.793024,-0.719562,-0.0950568,-0.00972011+0.00118833i,0.185725
0.0268947,-0.724066,-0.656991,-0.0950568,-0.00939452+0.000820348i,0.0800076
0.0268947,-0.655107,-0.594421,-0.0950568,-0.00896153+0.000513163i,0.0372015
0.0268947,-0.586148,-0.53185,-0.0950568,-0.0084482+0.00025459i,0.0179044
0.0268947,-0.51719,-0.469279,-0.0950568,-0.00787192+3.81081e-05i,0.00878646
0.0268947,-0.448231,-0.406709,-0.0950568,-0.00724518-0.000139924i,0.00441625
0.0268947,-0.379272,-0.344138,-0.0950568,-0.00657775-0.000281516i,0.00235268
0.0268947,-0.310314,-0.281568,-0.0950568,-0.00587772-0.000387689i,0.00146718
0.0268947,-0.241355,-0.218997,-0.0950568,-0.00515216-0.00045883i,0.0012708
0.0268947,-0.172397,-0.156426,-0.0950568,-0.00440748-0.000494913i,0.00161168
0.0268947,-0.103438,-0.0938559,-0.0950568,-0.00364959-0.000495631i,0.00252725
0.0268947,-0.0344793,-0.0312853,-0.0950568,-0.00288414-0.000460489i,0.00416829
0.0268947,0.0344793,0.0312853,-0.0950568,-0.00211654-0.000388858i,0.00676006
0.0268947,0.103438,0.0938559,-0.0950568,-0.0013521-0.000280022i,0.0105852
0.0268947,0.172397,0.156426,-0.0950568,-0.000596032-0.000133191i,0.0159827
0.0268947,0.241355,0.218997,-0.0950568,0.000146502+5.24824e-05i,0.0233618
0.0268947,0.310314,0.281568,-0.0950568,0.000870327+0.00027792i,0.0332359
0.0268947,0.379272,0.344138,-0.0950568,0.00157023+0.000544144i,0.0462865
0.0268947,0.448231,0.406709,-0.0950568,0.00224093+0.000852341i,0.0634828
0.0268947,0.51719,0.469279,-0.0950568,0.00287698+0.00120398i,0.0863096
0.0268947,0.586148,0.53185,-0.0950568,0.00347269+0.00160104i,0.117236
0.0268947,0.655107,0.594421,-0.0950568,0.00402196+0.00204641i,0.160776
0.0268947,0.724066,0.656991,-0.0950568,0.00451801+0.00254478i,0.226257
0.0268947,0.793024,0.719562,-0.0950568,0.0049528+0.00310462i,0.336707
0.0268947,0.861983,0.782132,-0.0950568,0.00531585+0.0037438i,0.568874
0.0268947,0.930941,0.844703,-0.0950568,0.00559083+0.00451192i,1.42125
0.0268947,0.9999,0.907273,-0.0950568,0.00573564+0.00592831i,4.70687e+09
0.0301316,-0.9999,-0.910133,-0.106497,-0.00965629+0.00387712i,3.84712e+10
0.0301316,-0.930941,-0.847365,-0.106497,-0.0115311+0.00232741i,3.77361
0.0301316,-0.861983,-0.784598,-0.106497,-0.0116884+0.00167304i,0.694627
0.0301316,-0.793024,-0.72183,-0.106497,-0.0115075+0.00118479i,0.242465
0.0301316,-0.724066,-0.659062,-0.106497,-0.0111369+0.000788902i,0.103051
0.0301316,-0.655107,-0.596294,-0.106497,-0.0106365+0.000457991i,0.0474517
0.0301316,-0.586148,-0.533526,-0.106497,-0.010039+0.000179008i,0.0226422
0.0301316,-0.51719,-0.470759,-0.106497,-0.00936513-5.49476e-05i,0.0110168
0.0301316,-0.448231,-0.407991,-0.106497,-0.00862976-0.000247661i,0.00548879
0.0301316,-0.379272,-0.345223,-0.106497,-0.00784446-0.000401153i,0.00289594
0.0301316,-0.310314,-0.282455,-0.106497,-0.0070188-0.000516378i,0.00177721
0.0301316,-0.241355,-0.219687,-0.106497,-0.00616108-0.000593613i,0.00149181
0.0301316,-0.172397,-0.15692,-0.106497,-0.00527876-0.000632689i,0.00182641
0.0301316,-0.103438,-0.0941517,-0.106497,-0.00437877-0.000633142i,0.00280445
0.0301316,-0.0344793,-0.0313839,-0.106497,-0.00346766-0.000594307i,0.0045882
0.0301316,0.0344793,0.0313839,-0.106497,-0.00255174-0.000515384i,0.00742805
0.0301316,0.103438,0.0941517,-0.106497,-0.00163714-0.000395479i,0.011639
0.0301316,0.172397,0.15692,-0.106497,-0.000729901-0.000233628i,0.0175961
0.0301316,0.241355,0.219687,-0.106497,0.000164001-2.88022e-05i,0.0257482
0.0301316,0.310314,0.282455,-0.106497,0.0010386+0.000220099i,0.0366522
0.0301316,0.379272,0.345223,-0.106497,0.00188789+0.000514285i,0.0510416
0.0301316,0.448231,0.407991,-0.106497,0.00270581+0.000855146i,0.0699542
0.0301316,0.51719,0.470759,-0.106497,0.00348614+0.00124439i,0.0949771
0.0301316,0.586148,0.533526,-0.106497,0.00422241+0.00168426i,0.12875
0.0301316,0.655107,0.596294,-0.106497,0.00490781+0.00217808i,0.176106
0.0301316,0.724066,0.659062,-0.106497,0.00553483+0.00273112i,0.247062
0.0301316,0.793024,0.72183,-0.106497,0.00609493+0.00335294i,0.366451
0.0301316,0.861983,0.784598,-0.106497,0.00657751+0.00406364i,0.617888
0.0301316,0.930941,0.847365,-0.106497,0.00696816+0.00491898i,1.56481
0.0301316,0.9999,0.910133,-0.106497,0.00726543+0.00650252i,8.76341e+09
0.0333684,-0.9999,-0.912993,-0.117937,-0.011205+0.00405556i,6.91083e+10
0.0333684,-0.930941,-0.850028,-0.117937,-0.0134623+0.00239291i,5.24233
0.0333684,-0.861983,-0.787063,-0.117937,-0.0136706+0.00169507i,0.917802
0.0333684,-0.793024,-0.724098,-0.117937,-0.0134765+0.00117456i,0.313055
0.0333684,-0.724066,-0.661133,-0.117937,-0.0130569+0.000752086i,0.131229
0.0333684,-0.655107,-0.598168,-0.117937,-0.012483+0.00039836i,0.0598088
0.0333684,-0.586148,-0.535203,-0.117937,-0.0117935+9.95432e-05i,0.0282771
0.0333684,-0.51719,-0.472238,-0.117937,-0.0110128-0.000151591i,0.013633
0.0333684,-0.448231,-0.409273,-0.117937,-0.0101585-0.000358921i,0.00673223
0.0333684,-0.379272,-0.346308,-0.117937,-0.00924402-0.000524437i,0.0035258
0.0333684,-0.310314,-0.283343,-0.117937,-0.00828056-0.000648987i,0.00214808
0.0333684,-0.241355,-0.220378,-0.117937,-0.00727773-0.000732697i,0.00177485
0.0333684,-0.172397,-0.157413,-0.117937,-0.00624418-0.000775224i,0.00211888
0.0333684,-0.103438,-0.0944476,-0.117937,-0.0051879-0.000775912i,0.0031865
0.0333684,-0.0344793,-0.0314825,-0.117937,-0.00411644-0.000733895i,0.00515287
0.0333684,0.0344793,0.0314825,-0.117937,-0.00303704-0.000648171i,0.00829686
0.0333684,0.103438,0.0944476,-0.117937,-0.00195674-0.000517638i,0.0129697
0.0333684,0.172397,0.157413,-0.117937,-0.000882477-0.000341126i,0.0195865
0.0333684,0.241355,0.220378,-0.117937,0.000178916-0.000117402i,0.0286382
0.0333684,0.310314,0.283343,-0.117937,0.00122061+0.000154846i,0.0407273
0.0333684,0.379272,0.346308,-0.117937,0.00223577+0.000477042i,0.0566398
0.0333684,0.448231,0.409273,-0.117937,0.00321747+0.000850809i,0.0774813
0.0333684,0.51719,0.472238,-0.117937,0.00415867+0.00127811i,0.104938
0.0333684,0.586148,0.535203,-0.117937,0.0050521+0.00176154i,0.141815
0.0333684,0.655107,0.598168,-0.117937,0.00589016+0.00230484i,0.193252
0.0333684,0.724066,0.661133,-0.117937,0.00666465+0.00291396i,0.269923
0.0333684,0.793024,0.724098,-0.117937,0.0073665+0.00359964i,0.398395
0.0333684,0.861983,0.787063,-0.117937,0.00798518+0.0043844i,0.669034
0.0333684,0.930941,0.850028,-0.117937,0.00850869+0.00533064i,1.71657
0.0333684,0.9999,0.912993,-0.117937,0.00898363+0.0070908i,1.50155e+10
0.0366053,-0.9999,-0.915853,-0.129378,-0.0129093+0.00421948i,1.16601e+11
0.0366053,-0.930941,-0.852691,-0.129378,-0.0155866+0.00244847i,7.17885
0.0366053,-0.861983,-0.789528,-0.129378,-0.0158513+0.00170971i,1.20101
0.0366053,-0.793024,-0.726366,-0.129378,-0.0156431+0.00115877i,0.400692
0.0366053,-0.724066,-0.663204,-0.129378,-0.0151702+0.000710984i,0.165689
0.0366053,-0.655107,-0.600042,-0.129378,-0.0145161+0.000335277i,0.0747382
0.0366053,-0.586148,-0.536879,-0.129378,-0.013726+1.70962e-05i,0.0350094
0.0366053,-0.51719,-0.473717,-0.129378,-0.0128285-0.000251049i,0.0167255
0.0366053,-0.448231,-0.410555,-0.129378,-0.0118439-0.000473078i,0.00819047
0.0366053,-0.379272,-0.347392,-0.129378,-0.010788-0.000650901i,0.00426773
0.0366053,-0.310314,-0.28423,-0.129378,-0.00967345-0.000785218i,0.00259923
0.0366053,-0.241355,-0.221068,-0.129378,-0.00851142-0.000875966i,0.00213898
0.0366053,-0.172397,-0.157906,-0.129378,-0.00731182-0.000922586i,0.00251057
0.0366053,-0.103438,-0.0947434,-0.129378,-0.00608378-0.000924195i,0.00369912
0.0366053,-0.0344793,-0.0315811,-0.129378,-0.00483592-0.000879693i,0.00589392
0.0366053,0.0344793,0.0315811,-0.129378,-0.0035765-0.000787839i,0.00940579
0.0366053,0.103438,0.0947434,-0.129378,-0.00231356-0.000647294i,0.0146262
0.0366053,0.172397,0.157906,-0.129378,-0.00105495-0.000456651i,0.0220138
0.0366053,0.241355,0.221068,-0.129378,0.000191546-0.000214439i,0.032104
0.0366053,0.310314,0.28423,-0.129378,0.00141818+8.08927e-05i,0.0455455
0.0366053,0.379272,0.347392,-0.129378,0.0026172+0.000431016i,0.0631756
0.0366053,0.448231,0.410555,-0.129378,0.00378081+0.000837816i,0.0861633
0.0366053,0.51719,0.473717,-0.129378,0.00490106+0.00130356i,0.116286
0.0366053,0.586148,0.536879,-0.129378,0.00596985+0.0018312i,0.156497
0.0366053,0.655107,0.600042,-0.129378,0.00697874+0.00242495i,0.212213
0.0366053,0.724066,0.663204,-0.129378,0.00791882+0.00309154i,0.294698
0.0366053,0.793024,0.726366,-0.129378,0.00878054+0.00384296i,0.432079
0.0366053,0.861983,0.789528,-0.129378,0.0095536+0.00470434i,0.721103
0.0366053,0.930941,0.852691,-0.129378,0.010229+0.00574525i,1.87547
0.0366053,0.9999,0.915853,-0.129378,0.0109097+0.0076919i,2.44474e+10
0.0398421,-0.9999,-0.918713,-0.140818,-0.0147835+0.00436938i,1.87479e+11
0.0398421,-0.930941,-0.855353,-0.140818,-0.0179214+0.00249494i,9.70377
0.0398421,-0.861983,-0.791994,-0.140818,-0.018248+0.00171798i,1.55845
0.0398421,-0.793024,-0.728634,-0.140818,-0.0180248+0.00113846i,0.509207
0.0398421,-0.724066,-0.665275,-0.140818,-0.0174937+0.000666641i,0.207802
0.0398421,-0.655107,-0.601915,-0.140818,-0.0167521+0.000269742i,0.0927956
0.0398421,-0.586148,-0.538556,-0.140818,-0.0158521-6.74119e-05i,0.0430769
0.0398421,-0.51719,-0.475196,-0.140818,-0.0148269-0.000352508i,0.0203994
0.0398421,-0.448231,-0.411837,-0.140818,-0.0136998-0.000589449i,0.00991293
0.0398421,-0.379272,-0.348477,-0.140818,-0.0124889-0.000780013i,0.00514854
0.0398421,-0.310314,-0.285118,-0.140818,-0.0112089-0.000924706i,0.00314985
0.0398421,-0.241355,-0.221758,-0.140818,-0.00987227-0.00102323i,0.00260276
0.0398421,-0.172397,-0.158399,-0.140818,-0.00849046-0.00107477i,0.00302307
0.0398421,-0.103438,-0.0950392,-0.140818,-0.00707379-0.00107818i,0.00436939
0.0398421,-0.0344793,-0.0316797,-0.140818,-0.00563205-0.00103208i,0.00684612
0.0398421,0.0344793,0.0316797,-0.140818,-0.00417459-0.000934962i,0.0107997
0.0398421,0.103438,0.0950392,-0.140818,-0.00271049-0.000785211i,0.0166658
0.0398421,0.172397,0.158399,-0.140818,-0.00124864-0.000581149i,0.0249499
0.0398421,0.241355,0.221758,-0.140818,0.000202181-0.000321034i,0.0362338
0.0398421,0.310314,0.285118,-0.140818,0.00163324-3.0446e-06i,0.0512115
0.0398421,0.379272,0.348477,-0.140818,0.00303582+0.000374771i,0.0707679
0.0398421,0.448231,0.411837,-0.140818,0.00440116+0.000814598i,0.0961275
0.0398421,0.51719,0.475196,-0.140818,0.00572038+0.00131903i,0.129144
0.0398421,0.586148,0.538556,-0.140818,0.00698446+0.00189144i,0.172893
0.0398421,0.655107,0.601915,-0.140818,0.00818411+0.00253657i,0.233015
0.0398421,0.724066,0.665275,-0.140818,0.00930972+0.00326195i,0.321251
0.0398421,0.793024,0.728634,-0.140818,0.0103513+0.00408096i,0.467014
0.0398421,0.861983,0.791994,-0.140818,0.0112989+0.00502156i,0.772813
0.0398421,0.930941,0.855353,-0.140818,0.0121474+0.00616097i,2.04195
0.0398421,0.9999,0.918713,-0.140818,0.0130651+0.00830432i,3.84525e+10
0.0430789,-0.9999,-0.921572,-0.152258,-0.016843+0.00450552i,2.90081e+11
0.0430789,-0.930941,-0.858016,-0.152258,-0.0204851+0.00253309i,12.9626
0.0430789,-0.861983,-0.794459,-0.152258,-0.0208798+0.00172078i,2.00712
0.0430789,-0.793024,-0.730902,-0.152258,-0.0206403+0.00111467i,0.643188
0.0430789,-0.724066,-0.667346,-0.152258,-0.0200459+0.00062011i,0.259213
0.0430789,-0.655107,-0.603789,-0.152258,-0.0192087+0.000202788i,0.114647
0.0430789,-0.586148,-0.540232,-0.152258,-0.0181887-0.000153008i,0.0527666
0.0430789,-0.51719,-0.476675,-0.152258,-0.0170238-0.000455089i,0.0247832
0.0430789,-0.448231,-0.413119,-0.152258,-0.0157409-0.000707278i,0.0119605
0.0430789,-0.379272,-0.349562,-0.152258,-0.0143605-0.000911166i,0.00620157
0.0430789,-0.310314,-0.286005,-0.152258,-0.0128991-0.00106701i,0.00382385
0.0430789,-0.241355,-0.222449,-0.152258,-0.0113713-0.00117423i,0.0031892
0.0430789,-0.172397,-0.158892,-0.152258,-0.00978963-0.00123171i,0.00368298
0.0430789,-0.103438,-0.0953351,-0.152258,-0.00816597-0.001238i,0.0052306
0.0430789,-0.0344793,-0.0317784,-0.152258,-0.00651129-0.0011914i,0.00805229
0.0430789,0.0344793,0.0317784,-0.152258,-0.00483614-0.00109009i,0.0125337
0.0430789,0.103438,0.0953351,-0.152258,-0.00315072-0.000932139i,0.0191591
0.0430789,0.172397,0.158892,-0.152258,-0.00146501-0.00071557i,0.0284836
0.0430789,0.241355,0.222449,-0.152258,0.000211117-0.000438332i,0.0411361
0.0430789,0.310314,0.286005,-0.152258,0.00186789-9.82945e-05i,0.0578541
0.0430789,0.379272,0.349562,-0.152258,0.00349554+0.000306809i,0.0795634
0.0430789,0.448231,0.413119,-0.152258,0.00508429+0.000779496i,0.107531
0.0430789,0.51719,0.476675,-0.152258,0.00662428+0.00132274i,0.143666
0.0430789,0.586148,0.540232,-0.152258,0.0081055+0.00194034i,0.191125
0.0430789,0.655107,0.603789,-0.152258,0.0095178+0.00263766i,0.255698
0.0430789,0.724066,0.667346,-0.152258,0.0108508+0.00342309i,0.349438
0.0430789,0.793024,0.730902,-0.152258,0.0120942+0.00431151i,0.502653
0.0430789,0.861983,0.794459,-0.152258,0.0132386+0.0053339i,0.822795
0.0430789,0.930941,0.858016,-0.152258,0.0142836+0.00657573i,2.21884
0.0430789,0.9999,0.921572,-0.152258,0.0154732+0.00892635i,5.89868e+10
0.0463158,-0.9999,-0.924432,-0.163699,-0.0191042+0.00462793i,4.3493e+11
0.0463158,-0.930941,-0.860678,-0.163699,-0.0232979+0.00256355i,17.1302
0.0463158,-0.861983,-0.796924,-0.163699,-0.0237672+0.00171904i,2.5674
0.0463158,-0.793024,-0.73317,-0.163699,-0.0235102+0.00108843i,0.808109
0.0463158,-0.724066,-0.669416,-0.163699,-0.0228468+0.00057249i,0.321882
0.0463158,-0.655107,-0.605662,-0.163699,-0.0219052+0.000135514i,0.141091
0.0463158,-0.586148,-0.541909,-0.163699,-0.0207541-0.000238642i,0.0644248
0.0463158,-0.51719,-0.478155,-0.163699,-0.0194366-0.00055783i,0.0300341
0.0463158,-0.448231,-0.414401,-0.163699,-0.0179833-0.000825723i,0.0144095
0.0463158,-0.379272,-0.350647,-0.163699,-0.0164174-0.00104366i,0.00747003
0.0463158,-0.310314,-0.286893,-0.163699,-0.0147576-0.0012116i,0.00465281
0.0463158,-0.241355,-0.223139,-0.163699,-0.0130203-0.00132863i,0.00392851
0.0463158,-0.172397,-0.159385,-0.163699,-0.0112197-0.00139328i,0.00452471
0.0463158,-0.103438,-0.0956309,-0.163699,-0.00936903-0.00140373i,0.0063252
0.0463158,-0.0344793,-0.031877,-0.163699,-0.00748068-0.00135795i,0.00956634
0.0463158,0.0344793,0.031877,-0.163699,-0.00556642-0.00125374i,0.0146768
0.0463158,0.103438,0.0956309,-0.163699,-0.0036377-0.00108883i,0.0221934
0.0463158,0.172397,0.159385,-0.163699,-0.00170566-0.000860886i,0.0327238
0.0463158,0.241355,0.223139,-0.163699,0.000218674-0.000567518i,0.0469439
0.0463158,0.310314,0.286893,-0.163699,0.00212439-0.00020625i,0.0656305
0.0463158,0.379272,0.350647,-0.163699,0.00400063+0.000225541i,0.0897401
0.0463158,0.448231,0.414401,-0.163699,0.0058365+0.000730743i,0.120566
0.0463158,0.51719,0.478155,-0.163699,0.00762109+0.00131274i,0.160037
0.0463158,0.586148,0.541909,-0.163699,0.00934341+0.00197583i,0.211341
0.0463158,0.655107,0.605662,-0.163699,0.0109924+0.00272602i,0.28031
0.0463158,0.724066,0.669416,-0.163699,0.0125569+0.00357266i,0.379092
0.0463158,0.793024,0.73317,-0.163699,0.0140262+0.00453223i,0.538378
0.0463158,0.861983,0.796924,-0.163699,0.0153921+0.00563897i,0.869619
0.0463158,0.930941,0.860678,-0.163699,0.0166593+0.00698715i,2.41273
0.0463158,0.9999,0.924432,-0.163699,0.0181595+0.00955596i,8.87716e+10
0.0495526,-0.9999,-0.927292,-0.175139,-0.0215852+0.00473649i,6.35173e+11
0.0495526,-0.930941,-0.863341,-0.175139,-0.0263816+0.00258698i,22.4157
0.0495526,-0.861983,-0.79939,-0.175139,-0.0269326+0.00171368i,3.26353
0.0495526,-0.793024,-0.735438,-0.175139,-0.0266564+0.00106084i,1.01049
0.0495526,-0.724066,-0.671487,-0.175139,-0.0259178+0.000524953i,0.398147
0.0495526,-0.655107,-0.607536,-0.175139,-0.0248623+6.91089e-05i,0.173083
0.0495526,-0.586148,-0.543585,-0.175139,-0.0235681-0.000323163i,0.0784697
0.0495526,-0.51719,-0.479634,-0.175139,-0.022084-0.000659662i,0.0363447
0.0495526,-0.448231,-0.415683,-0.175139,-0.0204444-0.000943836i,0.017356
0.0495526,-0.379272,-0.351731,-0.175139,-0.0186757-0.00117671i,0.00900977
0.0495526,-0.310314,-0.28778,-0.175139,-0.0167989-0.00135787i,0.00567825
0.0495526,-0.241355,-0.223829,-0.175139,-0.0148322-0.00148601i,0.0048603
0.0495526,-0.172397,-0.159878,-0.175139,-0.0127919-0.00155927i,0.00559273
0.0495526,-0.103438,-0.0959268,-0.175139,-0.0106925-0.00157541i,0.00770718
0.0495526,-0.0344793,-0.0319756,-0.175139,-0.00854783-0.001532i,0.011456
0.0495526,0.0344793,0.0319756,-0.175139,-0.00637116-0.00142643i,0.0173145
0.0495526,0.103438,0.0959268,-0.175139,-0.00417517-0.00125604i,0.0258765
0.0495526,0.172397,0.159878,-0.175139,-0.0019723-0.0010181i,0.0378042
0.0495526,0.241355,0.223829,-0.175139,0.000225205-0.000709838i,0.0538192
0.0495526,0.310314,0.28778,-0.175139,0.00240523-0.000328384i,0.0747305
0.0495526,0.379272,0.351731,-0.175139,0.00455572+0.000129274i,0.101512
0.0495526,0.448231,0.415683,-0.175139,0.00666463+0.000666439i,0.135458
0.0495526,0.51719,0.479634,-0.175139,0.00871993+0.00128696i,0.178479
0.0495526,0.586148,0.543585,-0.175139,0.0107096+0.00199566i,0.233716
0.0495526,0.655107,0.607536,-0.175139,0.0126215+0.00279926i,0.306911
0.0495526,0.724066,0.671487,-0.175139,0.0144439+0.00370814i,0.41002
0.0495526,0.793024,0.735438,-0.175139,0.0161659+0.00474051i,0.573488
0.0495526,0.861983,0.79939,-0.175139,0.0177803+0.0059341i,0.911856
0.0495526,0.930941,0.863341,-0.175139,0.0192985+0.00739259i,2.63596
0.0495526,0.9999,0.927292,-0.175139,0.0211522+0.0101908i,1.31557e+11
0.0527895,-0.9999,-0.930152,-0.186579,-0.0243056+0.00483096i,9.07091e+11
0.0527895,-0.930941,-0.866003,-0.186579,-0.0297599+0.002604i,29.0684
0.0527895,-0.861983,-0.801855,-0.186579,-0.0304+0.00170566i,4.12438
0.0527895,-0.793024,-0.737707,-0.186579,-0.0301031+0.00103305i,1.25807
0.0527895,-0.724066,-0.673558,-0.186579,-0.0292824+0.000478772i,0.490791
0.0527895,-0.655107,-0.60941,-0.186579,-0.0281027+4.87465e-06i,0.211764
0.0527895,-0.586148,-0.545261,-0.186579,-0.0266522-0.000405298i,0.0954042
0.0527895,-0.51719,-0.481113,-0.186579,-0.0249861-0.000759394i,0.04395
0.0527895,-0.448231,-0.416965,-0.186579,-0.0231431-0.00106055i,0.0209197
0.0527895,-0.379272,-0.352816,-0.186579,-0.0211527-0.0013094i,0.0108922
0.0527895,-0.310314,-0.288668,-0.186579,-0.0190386-0.0015051i,0.00695403
0.0527895,-0.241355,-0.224519,-0.186579,-0.0168212-0.00164588i,0.00603577
0.0527895,-0.172397,-0.160371,-0.186579,-0.0145183-0.00172942i,0.00694376
0.0527895,-0.103438,-0.0962226,-0.186579,-0.0121465-0.00175303i,0.00944449
0.0527895,-0.0344793,-0.0320742,-0.186579,-0.00972101-0.00171379i,0.0138055
0.0527895,0.0344793,0.0320742,-0.186579,-0.00725654-0.00160867i,0.0205526
0.0527895,0.103438,0.0962226,-0.186579,-0.0047672-0.00143455i,0.0303403
0.0527895,0.172397,0.160371,-0.186579,-0.0022668-0.00118827i,0.0438871
0.0527895,0.241355,0.224519,-0.186579,0.000231113-0.000866603i,0.0619572
0.0527895,0.310314,0.288668,-0.186579,0.00271311-0.000466269i,0.0853826
0.0527895,0.379272,0.352816,-0.186579,0.00516589+1.61895e-05i,0.115136
0.0527895,0.448231,0.416965,-0.186579,0.00757616+0.000584534i,0.152479
0.0527895,0.51719,0.481113,-0.186579,0.00993071+0.00124311i,0.199252
0.0527895,0.586148,0.545261,-0.186579,0.0122164+0.00199735i,0.258456
0.0527895,0.655107,0.60941,-0.186579,0.0144201+0.00285473i,0.335564
0.0527895,0.724066,0.673558,-0.186579,0.0165295+0.00382673i,0.441994
0.0527895,0.793024,0.737707,-0.186579,0.0185334+0.00493345i,0.607202
0.0527895,0.861983,0.801855,-0.186579,0.0204263+0.00621633i,0.948191
0.0527895,0.930941,0.866003,-0.186579,0.0222271+0.00778906i,2.90929
0.0527895,0.9999,0.930152,-0.186579,0.0244821+0.0108283i,1.92462e+11
0.0560263,-0.9999,-0.933012,-0.198019,-0.0272865+0.004911i,1.27069e+12
0.0560263,-0.930941,-0.868666,-0.198019,-0.0334585+0.00261525i,37.3845
0.0560263,-0.861983,-0.80432,-0.198019,-0.0341957+0.00169603i,5.18416
0.0560263,-0.793024,-0.739975,-0.198019,-0.0338762+0.00100635i,1.56004
0.0560263,-0.724066,-0.675629,-0.198019,-0.0329659+0.000435344i,0.603113
0.0560263,-0.655107,-0.611283,-0.198019,-0.0316507-5.57498e-05i,0.258492
0.0560263,-0.586148,-0.546938,-0.198019,-0.0300297-0.000483635i,0.115832
0.0560263,-0.51719,-0.482592,-0.198019,-0.028165-0.000855695i,0.0531361
0.0560263,-0.448231,-0.418247,-0.198019,-0.0260999-0.00117466i,0.0252491
0.0560263,-0.379272,-0.353901,-0.198019,-0.0238673-0.0014407i,0.0132077
0.0560263,-0.310314,-0.289555,-0.198019,-0.0214939-0.00165245i,0.00854899
0.0560263,-0.241355,-0.22521,-0.198019,-0.0190023-0.00180763i,0.00752013
0.0560263,-0.172397,-0.160864,-0.198019,-0.0164123-0.00190338i,0.00864931
0.0560263,-0.103438,-0.0965184,-0.198019,-0.0137423-0.0019365i,0.0116219
0.0560263,-0.0344793,-0.0321728,-0.198019,-0.0110092-0.00190354i,0.0167189
0.0560263,0.0344793,0.0321728,-0.198019,-0.00822927-0.00180097i,0.0245204
0.0560263,0.103438,0.0965184,-0.198019,-0.00541817-0.00162517i,0.0357453
0.0560263,0.172397,0.160864,-0.198019,-0.00259114-0.00137248i,0.051169
0.0560263,0.241355,0.22521,-0.198019,0.00023686-0.00103921i,0.0715933
0.0560263,0.310314,0.289555,-0.198019,0.00305102-0.000621584i,0.0978603
0.0560263,0.379272,0.353901,-0.198019,0.00583668-0.000115669i,0.130917
0.0560263,0.448231,0.418247,-0.198019,0.00857925+0.000482807i,0.171952
0.0560263,0.51719,0.482592,-0.198019,0.0112643+0.00117874i,0.222663
0.0560263,0.586148,0.546938,-0.198019,0.0138774+0.00197822i,0.285797
0.0560263,0.655107,0.611283,-0.198019,0.0164046+0.00288953i,0.366344
0.0560263,0.724066,0.675629,-0.198019,0.0188328+0.00392538i,0.474756
0.0560263,0.793024,0.739975,-0.198019,0.0211508+0.00510784i,0.638668
0.0560263,0.861983,0.80432,-0.198019,0.0233551+0.00648233i,0.977592
0.0560263,0.930941,0.868666,-0.198019,0.0254736+0.00817323i,3.26565
0.0560263,0.9999,0.933012,-0.198019,0.0281829+0.0114654i,2.78415e+11
0.0592632,-0.9999,-0.935871,-0.20946,-0.0305509+0.00497619i,1.75039e+12
0.0592632,-0.930941,-0.871328,-0.20946,-0.037505+0.00262143i,47.7146
0.0592632,-0.861983,-0.806786,-0.20946,-0.0383481+0.00168592i,6.48336
0.0592632,-0.793024,-0.742243,-0.20946,-0.0380039+0.000982129i,1.92727
0.0592632,-0.724066,-0.6777,-0.20946,-0.0369959+0.000396213i,0.739028
0.0592632,-0.655107,-0.613157,-0.20946,-0.0355329-0.000111168i,0.314885
0.0592632,-0.586148,-0.548614,-0.20946,-0.0337259-0.000556599i,0.140477
0.0592632,-0.51719,-0.484071,-0.20946,-0.0316444-0.000947077i,0.0642496
0.0592632,-0.448231,-0.419529,-0.20946,-0.0293369-0.00128483i,0.0305269
0.0592632,-0.379272,-0.354986,-0.20946,-0.02684-0.00156944i,0.0160694
0.0592632,-0.310314,-0.290443,-0.20946,-0.0241833-0.00179899i,0.0105501
0.0592632,-0.241355,-0.2259,-0.20946,-0.021392-0.00197057i,0.00939553
0.0592632,-0.172397,-0.161357,-0.20946,-0.0184881-0.00208074i,0.0107987
0.0592632,-0.103438,-0.0968143,-0.20946,-0.0154918-0.0021257i,0.0143443
0.0592632,-0.0344793,-0.0322714,-0.20946,-0.012422-0.00210144i,0.020324
0.0592632,0.0344793,0.0322714,-0.20946,-0.00929661-0.00200383i,0.0293756
0.0592632,0.103438,0.0968143,-0.20946,-0.00613282-0.00182872i,0.0422859
0.0592632,0.172397,0.161357,-0.20946,-0.00294746-0.0015719i,0.0598867
0.0592632,0.241355,0.2259,-0.20946,0.000242979-0.00122914i,0.0830098
0.0592632,0.310314,0.290443,-0.20946,0.00342222-0.000796136i,0.11249
0.0592632,0.379272,0.354986,-0.20946,0.00657416-0.000268416i,0.149217
0.0592632,0.448231,0.419529,-0.20946,0.00968284+0.000358849i,0.194255
0.0592632,0.51719,0.484071,-0.20946,0.0127325+0.00109116i,0.249074
0.0592632,0.586148,0.548614,-0.20946,0.0157075+0.00193531i,0.316019
0.0592632,0.655107,0.613157,-0.20946,0.0185928+0.00290049i,0.399336
0.0592632,0.724066,0.6777,-0.20946,0.0213747+0.00400069i,0.508013
0.0592632,0.793024,0.742243,-0.20946,0.0240423+0.00526011i,0.666992
0.0592632,0.861983,0.806786,-0.20946,0.0265943+0.00672842i,0.999568
0.0592632,0.930941,0.871328,-0.20946,0.0290692+0.00854136i,3.75506
0.0592632,0.9999,0.935871,-0.20946,0.0322915+0.0120985i,3.98709e+11
0.0625,-0.9999,-0.938731,-0.2209,-0.0341239+0.00502603i,2.37582e+12
0.0625,-0.930941,-0.873991,-0.2209,-0.0419297+0.00262329i,60.4729
0.0625,-0.861983,-0.809251,-0.2209,-0.0428879+0.00167659i,8.06983
0.0625,-0.793024,-0.744511,-0.2209,-0.0425167+0.000961945i,2.3726
0.0625,-0.724066,-0.679771,-0.2209,-0.0414022+0.000363094i,0.903166
0.0625,-0.655107,-0.615031,-0.2209,-0.039778-0.000159604i,0.382863
0.0625,-0.586148,-0.550291,-0.2209,-0.0377681-0.000622433i,0.170204
0.0625,-0.51719,-0.485551,-0.2209,-0.0354502-0.00103187i,0.0777094
0.0625,-0.448231,-0.420811,-0.2209,-0.0328782-0.00138952i,0.0369776
0.0625,-0.379272,-0.35607,-0.2209,-0.0300927-0.00169431i,0.0196182
0.0625,-0.310314,-0.29133,-0.2209,-0.0271268-0.00194361i,0.0130664
0.0625,-0.241355,-0.22659,-0.2209,-0.0240081-0.00213388i,0.0117646
0.0625,-0.172397,-0.16185,-0.2209,-0.0207612-0.00226098i,0.0135025
0.0625,-0.103438,-0.0971101,-0.2209,-0.0174082-0.00232045i,0.0177404
0.0625,-0.0344793,-0.03237,-0.2209,-0.0139701-0.00230762i,0.0247768
0.0625,0.0344793,0.03237,-0.2209,-0.0104664-0.00221776i,0.0353098
0.0625,0.103438,0.0971101,-0.2209,-0.00691626-0.00204607i,0.0501971
0.0625,0.172397,0.16185,-0.2209,-0.00333805-0.00178776i,0.0703248
0.0625,0.241355,0.22659,-0.2209,0.000250087-0.00143798i,0.0965448
0.0625,0.310314,0.29133,-0.2209,0.00383031-0.000991868i,0.129662
0.0625,0.379272,0.35607,-0.2209,0.00738498-0.000444339i,0.170468
0.0625,0.448231,0.420811,-0.2209,0.0108967+0.000210042i,0.219839
0.0625,0.51719,0.485551,-0.2209,0.0143482+0.000977442i,0.27891
0.0625,0.586148,0.550291,-0.2209,0.0177227+0.00186541i,0.349448
0.0625,0.655107,0.615031,-0.2209,0.0210042+0.00288412i,0.434644
0.0625,0.724066,0.679771,-0.2209,0.0241782+0.00404894i,0.541452
0.0625,0.793024,0.744511,-0.2209,0.0272343+0.00538635i,0.691273
0.0625,0.861983,0.809251,-0.2209,0.030174+0.00695052i,1.01452
0.0625,0.930941,0.873991,-0.2209,0.0330478+0.00888926i,4.4512
0.0625,0.9999,0.938731,-0.2209,0.0368484+0.0127239i,5.65706e+11
