tau,z,PK,QQ,scattering_amp,|scattering_amp|2
0.001,-0.9999,-0.884395,-0.0035344,0.000126076-3.88041e-05i,-1.12456e+07
0.001,-0.930941,-0.823402,-0.0035344,0.000157053-3.65989e-05i,347.933
0.001,-0.861983,-0.76241,-0.0035344,0.000188243-3.54003e-05i,346.728
0.001,-0.793024,-0.701417,-0.0035344,0.00021951-3.52885e-05i,340.929
0.001,-0.724066,-0.640424,-0.0035344,0.000250746-3.63498e-05i,333.848
0.001,-0.655107,-0.579431,-0.0035344,0.000281846-3.86731e-05i,326.146
0.001,-0.586148,-0.518439,-0.0035344,0.000312709-4.23475e-05i,318.038
0.001,-0.51719,-0.457446,-0.0035344,0.000343231-4.74604e-05i,309.618
0.001,-0.448231,-0.396453,-0.0035344,0.000373313-5.40968e-05i,300.937
0.001,-0.379272,-0.33546,-0.0035344,0.000402853-6.23374e-05i,292.03
0.001,-0.310314,-0.274467,-0.0035344,0.000431754-7.22577e-05i,282.924
0.001,-0.241355,-0.213475,-0.0035344,0.000459918-8.39272e-05i,273.642
0.001,-0.172397,-0.152482,-0.0035344,0.000487252-9.74079e-05i,264.209
0.001,-0.103438,-0.0914892,-0.0035344,0.000513668-0.000112754i,254.647
0.001,-0.0344793,-0.0304964,-0.0035344,0.000539079-0.000130008i,244.98
0.001,0.0344793,0.0304964,-0.0035344,0.000563406-0.000149206i,235.233
0.001,0.103438,0.0914892,-0.0035344,0.000586576-0.000170368i,225.433
0.001,0.172397,0.152482,-0.0035344,0.000608523-0.000193505i,215.606
0.001,0.241355,0.213475,-0.0035344,0.00062919-0.000218612i,205.784
0.001,0.310314,0.274467,-0.0035344,0.000648529-0.00024567i,196.002
0.001,0.379272,0.33546,-0.0035344,0.000666504-0.000274644i,186.299
0.001,0.448231,0.396453,-0.0035344,0.000683093-0.000305485i,176.72
0.001,0.51719,0.457446,-0.0035344,0.000698288-0.000338127i,167.324
0.001,0.586148,0.518439,-0.0035344,0.000712096-0.000372489i,158.187
0.001,0.655107,0.579431,-0.0035344,0.000724546-0.000408479i,149.424
0.001,0.724066,0.640424,-0.0035344,0.000735687-0.000445999i,141.231
0.001,0.793024,0.701417,-0.0035344,0.000745589-0.000484955i,134.023
0.001,0.861983,0.76241,-0.0035344,0.000754355-0.000525278i,128.977
0.001,0.930941,0.823402,-0.0035344,0.000762118-0.000566972i,131.942
0.001,0.9999,0.884395,-0.0035344,0.000769092-0.000610296i,-1.12149e+08
0.00423684,-0.9999,-0.887255,-0.0149747,-0.000529356-0.000168298i,-5.20371e+07
0.00423684,-0.930941,-0.826065,-0.0149747,-0.000453696-0.00015662i,0.635487
0.00423684,-0.861983,-0.764875,-0.0149747,-0.000378002-0.000146371i,0.5364
0.00423684,-0.793024,-0.703685,-0.0149747,-0.000302308-0.000137664i,0.485797
0.00423684,-0.724066,-0.642495,-0.0149747,-0.000226736-0.00013062i,0.444682
0.00423684,-0.655107,-0.581305,-0.0149747,-0.00015145-0.000125363i,0.408143
0.00423684,-0.586148,-0.520115,-0.0149747,-7.66387e-05-0.00012202i,0.375058
0.00423684,-0.51719,-0.458925,-0.0149747,-2.50521e-06-0.000120716i,0.345126
0.00423684,-0.448231,-0.397735,-0.0149747,7.07366e-05-0.000121572i,0.318282
0.00423684,-0.379272,-0.336545,-0.0149747,0.000142867-0.000124706i,0.294531
0.00423684,-0.310314,-0.275355,-0.0149747,0.000213665-0.000130229i,0.273893
0.00423684,-0.241355,-0.214165,-0.0149747,0.000282909-0.000138244i,0.256385
0.00423684,-0.172397,-0.152975,-0.0149747,0.00035038-0.000148847i,0.242013
0.00423684,-0.103438,-0.091785,-0.0149747,0.000415866-0.000162122i,0.230776
0.00423684,-0.0344793,-0.030595,-0.0149747,0.000479163-0.000178142i,0.222672
0.00423684,0.0344793,0.030595,-0.0149747,0.000540073-0.000196968i,0.217711
0.00423684,0.103438,0.091785,-0.0149747,0.000598416-0.000218645i,0.215929
0.00423684,0.172397,0.152975,-0.0149747,0.000654021-0.000243203i,0.217418
0.00423684,0.241355,0.214165,-0.0149747,0.000706739-0.000270657i,0.222361
0.00423684,0.310314,0.275355,-0.0149747,0.000756437-0.000301001i,0.231088
0.00423684,0.379272,0.336545,-0.0149747,0.000803005-0.000334211i,0.244171
0.00423684,0.448231,0.397735,-0.0149747,0.00084636-0.000370245i,0.26258
0.00423684,0.51719,0.458925,-0.0149747,0.000886445-0.000409038i,0.287966
0.00423684,0.586148,0.520115,-0.0149747,0.000923235-0.00045051i,0.323233
0.00423684,0.655107,0.581305,-0.0149747,0.000956741-0.000494563i,0.373767
0.00423684,0.724066,0.642495,-0.0149747,0.000987008-0.000541089i,0.450546
0.00423684,0.793024,0.703685,-0.0149747,0.00101412-0.000589983i,0.579509
0.00423684,0.861983,0.764875,-0.0149747,0.00103822-0.000641164i,0.839677
0.00423684,0.930941,0.826065,-0.0149747,0.00105947-0.000694628i,1.63832
0.00423684,0.9999,0.887255,-0.0149747,0.00107815-0.000750642i,-3.66501e+08
0.00747368,-0.9999,-0.890115,-0.026415,-0.00125477-0.000303749i,-1.75694e+08
0.00747368,-0.930941,-0.828728,-0.026415,-0.00112922-0.000281479i,0.209364
0.00747368,-0.861983,-0.76734,-0.026415,-0.00100388-0.00026111i,0.0666561
0.00747368,-0.793024,-0.705953,-0.026415,-0.000878666-0.000242787i,0.032505
0.00747368,-0.724066,-0.644566,-0.026415,-0.000753719-0.000226669i,0.0181291
0.00747368,-0.655107,-0.583179,-0.026415,-0.000629274-0.000212922i,0.0102457
0.00747368,-0.586148,-0.521791,-0.026415,-0.000505616-0.000201712i,0.00515726
0.00747368,-0.51719,-0.460404,-0.026415,-0.000383065-0.000193206i,0.00152891
0.00747368,-0.448231,-0.399017,-0.026415,-0.000261963-0.000187567i,-0.0011796
0.00747368,-0.379272,-0.33763,-0.026415,-0.000142663-0.000184954i,-0.00318578
0.00747368,-0.310314,-0.276243,-0.026415,-2.55282e-05-0.000185516i,-0.00455782
0.00747368,-0.241355,-0.214855,-0.026415,8.90793e-05-0.000189398i,-0.00528711
0.00747368,-0.172397,-0.153468,-0.026415,0.000200799-0.00019673i,-0.00532096
0.00747368,-0.103438,-0.0920808,-0.026415,0.00030928-0.000207632i,-0.00457727
0.00747368,-0.0344793,-0.0306936,-0.026415,0.000414179-0.000222211i,-0.00294983
0.00747368,0.0344793,0.0306936,-0.026415,0.00051517-0.000240557i,-0.000307482
0.00747368,0.103438,0.0920808,-0.026415,0.000611947-0.000262743i,0.00351207
0.00747368,0.172397,0.153468,-0.026415,0.000704224-0.000288824i,0.00871437
0.00747368,0.241355,0.214855,-0.026415,0.000791742-0.000318834i,0.0155689
0.00747368,0.310314,0.276243,-0.026415,0.000874275-0.000352785i,0.0244434
0.00747368,0.379272,0.33763,-0.026415,0.000951628-0.000390666i,0.0358611
0.00747368,0.448231,0.399017,-0.026415,0.00102365-0.000432442i,0.0506024
0.00747368,0.51719,0.460404,-0.026415,0.00109022-0.000478055i,0.0698922
0.00747368,0.586148,0.521791,-0.026415,0.00115128-0.000527423i,0.0957767
0.00747368,0.655107,0.583179,-0.026415,0.00120683-0.000580444i,0.131957
0.00747368,0.724066,0.644566,-0.026415,0.0012569-0.000637001i,0.185891
0.00747368,0.793024,0.705953,-0.026415,0.00130159-0.000696978i,0.275232
0.00747368,0.861983,0.76734,-0.026415,0.00134107-0.00076028i,0.454389
0.00747368,0.930941,0.828728,-0.026415,0.00137557-0.000826895i,1.01138
0.00747368,0.9999,0.890115,-0.026415,0.00140541-0.000897097i,-5.70858e+08
0.0107105,-0.9999,-0.892975,-0.0378553,-0.00205588-0.000445155i,-3.28767e+08
0.0107105,-0.930941,-0.83139,-0.0378553,-0.00187475-0.000411054i,0.330426
0.0107105,-0.861983,-0.769806,-0.0378553,-0.00169415-0.000379378i,0.0842458
0.0107105,-0.793024,-0.708221,-0.0378553,-0.00151387-0.000350309i,0.0317194
0.0107105,-0.724066,-0.646637,-0.0378553,-0.00133406-0.000324047i,0.0127796
0.0107105,-0.655107,-0.585052,-0.0378553,-0.00115505-0.0003008i,0.00445292
0.0107105,-0.586148,-0.523468,-0.0378553,-0.000977222-0.000280781i,0.000388041
0.0107105,-0.51719,-0.461883,-0.0378553,-0.000801035-0.000264203i,-0.00173404
0.0107105,-0.448231,-0.400299,-0.0378553,-0.000626975-0.000251275i,-0.00288331
0.0107105,-0.379272,-0.338714,-0.0378553,-0.000455548-0.000242202i,-0.00348187
0.0107105,-0.310314,-0.27713,-0.0378553,-0.000287273-0.000237179i,-0.00369737
0.0107105,-0.241355,-0.215546,-0.0378553,-0.000122675-0.000236393i,-0.00356651
0.0107105,-0.172397,-0.153961,-0.0378553,3.77275e-05-0.000240016i,-0.00305188
0.0107105,-0.103438,-0.0923767,-0.0378553,0.000193423-0.00024821i,-0.0020694
0.0107105,-0.0344793,-0.0307922,-0.0378553,0.000343917-0.000261116i,-0.000501094
0.0107105,0.0344793,0.0307922,-0.0378553,0.000488735-0.00027886i,0.00180093
0.0107105,0.103438,0.0923767,-0.0378553,0.000627428-0.000301547i,0.00501685
0.0107105,0.172397,0.153961,-0.0378553,0.000759581-0.000329259i,0.00936804
0.0107105,0.241355,0.215546,-0.0378553,0.000884812-0.000362054i,0.0151342
0.0107105,0.310314,0.27713,-0.0378553,0.00100279-0.000399965i,0.0226833
0.0107105,0.379272,0.338714,-0.0378553,0.00111321-0.000442996i,0.0325231
0.0107105,0.448231,0.400299,-0.0378553,0.00121586-0.000491123i,0.0453932
0.0107105,0.51719,0.461883,-0.0378553,0.00131055-0.000544294i,0.062437
0.0107105,0.586148,0.523468,-0.0378553,0.00139718-0.000602427i,0.085549
0.0107105,0.655107,0.585052,-0.0378553,0.0014757-0.000665417i,0.118148
0.0107105,0.724066,0.646637,-0.0378553,0.00154617-0.00073314i,0.167144
0.0107105,0.793024,0.708221,-0.0378553,0.0016087-0.000805467i,0.24902
0.0107105,0.861983,0.769806,-0.0378553,0.00166348-0.000882292i,0.415364
0.0107105,0.930941,0.83139,-0.0378553,0.0017108-0.00096359i,0.948759
0.0107105,0.9999,0.892975,-0.0378553,0.00175104-0.00104965i,-6.70283e+08
0.0139474,-0.9999,-0.895834,-0.0492956,-0.00293879-0.000592487i,-2.5079e+08
0.0139474,-0.930941,-0.834053,-0.0492956,-0.0026959-0.000545182i,0.539222
0.0139474,-0.861983,-0.772271,-0.0492956,-0.00245393-0.000500886i,0.131882
0.0139474,-0.793024,-0.710489,-0.0492956,-0.00221253-0.000459819i,0.0502991
0.0139474,-0.724066,-0.648708,-0.0492956,-0.0019719-0.000422224i,0.0217699
0.0139474,-0.655107,-0.586926,-0.0492956,-0.00173243-0.000388359i,0.00963316
0.0139474,-0.586148,-0.525144,-0.0492956,-0.00149466-0.000358488i,0.00399386
0.0139474,-0.51719,-0.463363,-0.0492956,-0.00125918-0.000332873i,0.00126464
0.0139474,-0.448231,-0.401581,-0.0492956,-0.00102663-0.000311777i,-6.56953e-05
0.0139474,-0.379272,-0.339799,-0.0492956,-0.00079771-0.000295454i,-0.00067411
0.0139474,-0.310314,-0.278018,-0.0492956,-0.000573104-0.000284152i,-0.000853642
0.0139474,-0.241355,-0.216236,-0.0492956,-0.00035352-0.000278104i,-0.000701759
0.0139474,-0.172397,-0.154454,-0.0492956,-0.000139657-0.000277532i,-0.000207362
0.0139474,-0.103438,-0.0926725,-0.0492956,6.77955e-05-0.00028264i,0.000706499
0.0139474,-0.0344793,-0.0308908,-0.0492956,0.000268169-0.000293614i,0.00216158
0.0139474,0.0344793,0.0308908,-0.0492956,0.000460823-0.000310619i,0.00431553
0.0139474,0.103438,0.0926725,-0.0492956,0.00064515-0.000333794i,0.00736137
0.0139474,0.172397,0.154454,-0.0492956,0.000820583-0.000363254i,0.0115344
0.0139474,0.241355,0.216236,-0.0492956,0.000986608-0.000399085i,0.0171281
0.0139474,0.310314,0.278018,-0.0492956,0.00114276-0.000441344i,0.0245236
0.0139474,0.379272,0.339799,-0.0492956,0.00128865-0.000490053i,0.0342408
0.0139474,0.448231,0.401581,-0.0492956,0.00142395-0.000545201i,0.047031
0.0139474,0.51719,0.463363,-0.0492956,0.00154842-0.000606745i,0.0640513
0.0139474,0.586148,0.525144,-0.0492956,0.00166188-0.000674606i,0.0872177
0.0139474,0.655107,0.586926,-0.0492956,0.00176428-0.000748675i,0.119996
0.0139474,0.724066,0.648708,-0.0492956,0.00185566-0.000828821i,0.169428
0.0139474,0.793024,0.710489,-0.0492956,0.00193614-0.000914903i,0.252452
0.0139474,0.861983,0.772271,-0.0492956,0.00200597-0.0010068i,0.422879
0.0139474,0.930941,0.834053,-0.0492956,0.00206548-0.00110448i,0.985951
0.0139474,0.9999,0.895834,-0.0492956,0.00211513-0.00120824i,-5.86684e+08
0.0171842,-0.9999,-0.898694,-0.0607359,-0.00391013-0.000745683i,6.03175e+08
0.0171842,-0.930941,-0.836715,-0.0607359,-0.00359871-0.000683654i,0.840801
0.0171842,-0.861983,-0.774736,-0.0607359,-0.00328871-0.000625285i,0.19527
0.0171842,-0.793024,-0.712757,-0.0607359,-0.00297962-0.000570834i,0.0741443
0.0171842,-0.724066,-0.650778,-0.0607359,-0.00267167-0.000520592i,0.0327158
0.0171842,-0.655107,-0.5888,-0.0607359,-0.00236536-0.00047487i,0.0152769
0.0171842,-0.586148,-0.526821,-0.0607359,-0.00206136-0.000433989i,0.00723682
0.0171842,-0.51719,-0.464842,-0.0607359,-0.00176044-0.000398268i,0.00337968
0.0171842,-0.448231,-0.402863,-0.0607359,-0.00146343-0.000368027i,0.00151496
0.0171842,-0.379272,-0.340884,-0.0607359,-0.0011712-0.000343579i,0.000651172
0.0171842,-0.310314,-0.278905,-0.0607359,-0.000884649-0.000325225i,0.000342614
0.0171842,-0.241355,-0.216926,-0.0607359,-0.000604687-0.000313257i,0.000418513
0.0171842,-0.172397,-0.154947,-0.0607359,-0.000332216-0.000307948i,0.000858432
0.0171842,-0.103438,-0.0929684,-0.0607359,-6.81232e-05-0.000309552i,0.00173081
0.0171842,-0.0344793,-0.0309895,-0.0607359,0.000186728-0.000318304i,0.00316193
0.0171842,0.0344793,0.0309895,-0.0607359,0.000431507-0.000334413i,0.00532144
0.0171842,0.103438,0.0929684,-0.0607359,0.000665431-0.000358059i,0.00841865
0.0171842,0.172397,0.154947,-0.0607359,0.000887765-0.000389394i,0.0127078
0.0171842,0.241355,0.216926,-0.0607359,0.00109784-0.000428537i,0.0185034
0.0171842,0.310314,0.278905,-0.0607359,0.00129506-0.00047557i,0.0262104
0.0171842,0.379272,0.340884,-0.0607359,0.0014789-0.000530539i,0.0363769
0.0171842,0.448231,0.402863,-0.0607359,0.00164893-0.00059345i,0.049792
0.0171842,0.51719,0.464842,-0.0607359,0.00180484-0.000664268i,0.0676686
0.0171842,0.586148,0.526821,-0.0607359,0.0019464-0.000742919i,0.0920177
0.0171842,0.655107,0.5888,-0.0607359,0.0020735-0.000829295i,0.126488
0.0171842,0.724066,0.650778,-0.0607359,0.00218618-0.000923255i,0.178531
0.0171842,0.793024,0.712757,-0.0607359,0.0022846-0.00102465i,0.26621
0.0171842,0.861983,0.774736,-0.0607359,0.00236902-0.00113334i,0.447701
0.0171842,0.930941,0.836715,-0.0607359,0.00243986-0.00124929i,1.0645
0.0171842,0.9999,0.898694,-0.0607359,0.00249766-0.0013728i,-2.07419e+08
0.0204211,-0.9999,-0.901554,-0.0721762,-0.00497697-0.000904649i,3.15646e+09
0.0204211,-0.930941,-0.839378,-0.0721762,-0.00458968-0.000826214i,1.26681
0.0204211,-0.861983,-0.777202,-0.0721762,-0.00420439-0.000752162i,0.277327
0.0204211,-0.793024,-0.715025,-0.0721762,-0.00382045-0.000682791i,0.1036
0.0204211,-0.724066,-0.652849,-0.0721762,-0.00343812-0.000618445i,0.0456151
0.0204211,-0.655107,-0.590673,-0.0721762,-0.00305803-0.000559496i,0.0214755
0.0204211,-0.586148,-0.528497,-0.0721762,-0.002681-0.000506323i,0.0104081
0.0204211,-0.51719,-0.466321,-0.0721762,-0.00230798-0.000459311i,0.00511515
0.0204211,-0.448231,-0.404145,-0.0721762,-0.00194001-0.000418844i,0.00255563
0.0204211,-0.379272,-0.341969,-0.0721762,-0.00157819-0.000385297i,0.00135108
0.0204211,-0.310314,-0.279793,-0.0721762,-0.00122363-0.000359038i,0.000870731
0.0204211,-0.241355,-0.217616,-0.0721762,-0.000877477-0.000340416i,0.000856313
0.0204211,-0.172397,-0.15544,-0.0721762,-0.000540853-0.000329767i,0.00125059
0.0204211,-0.103438,-0.0932642,-0.0721762,-0.000214871-0.000327401i,0.00211284
0.0204211,-0.0344793,-0.0310881,-0.0721762,9.93875e-05-0.000333608i,0.00357572
0.0204211,0.0344793,0.0310881,-0.0721762,0.000400882-0.000348645i,0.00582413
0.0204211,0.103438,0.0932642,-0.0721762,0.000688628-0.00037274i,0.00908781
0.0204211,0.172397,0.15544,-0.0721762,0.000961706-0.000406088i,0.0136449
0.0204211,0.241355,0.217616,-0.0721762,0.00121927-0.000448843i,0.019837
0.0204211,0.310314,0.279793,-0.0721762,0.00146057-0.000501121i,0.0281001
0.0204211,0.379272,0.341969,-0.0721762,0.00168495-0.000562992i,0.039021
0.0204211,0.448231,0.404145,-0.0721762,0.00189186-0.000634481i,0.053441
0.0204211,0.51719,0.466321,-0.0721762,0.00208089-0.000715569i,0.0726522
0.0204211,0.586148,0.528497,-0.0721762,0.00225176-0.000806187i,0.0987995
0.0204211,0.655107,0.590673,-0.0721762,0.00240431-0.000906227i,0.135786
0.0204211,0.724066,0.652849,-0.0721762,0.00253858-0.00101554i,0.191619
0.0204211,0.793024,0.715025,-0.0721762,0.00265472-0.00113397i,0.285845
0.0204211,0.861983,0.777202,-0.0721762,0.00275307-0.00126137i,0.482202
0.0204211,0.930941,0.839378,-0.0721762,0.00283411-0.00139768i,1.16758
0.0204211,0.9999,0.901554,-0.0721762,0.00289846-0.0015432i,6.29283e+08
0.0236579,-0.9999,-0.904414,-0.0836165,-0.00614697-0.00106925i,8.82436e+09
0.0236579,-0.930941,-0.84204,-0.0836165,-0.00567578-0.000972546i,1.85978
0.0236579,-0.861983,-0.779667,-0.0836165,-0.00520732-0.00088103i,0.38328
0.0236579,-0.793024,-0.717294,-0.0836165,-0.00474074-0.00079504i,0.140175
0.0236579,-0.724066,-0.65492,-0.0836165,-0.00427637-0.000714979i,0.0611356
0.0236579,-0.655107,-0.592547,-0.0836165,-0.00381494-0.000641282i,0.0286618
0.0236579,-0.586148,-0.530174,-0.0836165,-0.00335748-0.000574398i,0.0138862
0.0236579,-0.51719,-0.4678,-0.0836165,-0.00290515-0.000514783i,0.00685529
0.0236579,-0.448231,-0.405427,-0.0836165,-0.00245921-0.00046289i,0.0034652
0.0236579,-0.379272,-0.343053,-0.0836165,-0.00202099-0.000419168i,0.00186111
0.0236579,-0.310314,-0.28068,-0.0836165,-0.00159188-0.000384053i,0.00118759
0.0236579,-0.241355,-0.218307,-0.0836165,-0.00117326-0.000357966i,0.00108163
0.0236579,-0.172397,-0.155933,-0.0836165,-0.000766514-0.000341306i,0.00144274
0.0236579,-0.103438,-0.09356,-0.0836165,-0.000373002-0.000334452i,0.00232004
0.0236579,-0.0344793,-0.0311867,-0.0836165,5.94944e-06-0.00033775i,0.00385442
0.0236579,0.0344793,0.0311867,-0.0836165,0.000369065-0.000351518i,0.0062493
0.0236579,0.103438,0.09356,-0.0836165,0.000715137-0.000376036i,0.00975894
0.0236579,0.172397,0.155933,-0.0836165,0.00104304-0.000411545i,0.0146898
0.0236579,0.241355,0.218307,-0.0836165,0.00135172-0.000458243i,0.0214154
0.0236579,0.310314,0.28068,-0.0836165,0.00164027-0.000516282i,0.0304082
0.0236579,0.379272,0.343053,-0.0836165,0.00190787-0.000585762i,0.0423004
0.0236579,0.448231,0.405427,-0.0836165,0.00215386-0.000666733i,0.0579945
0.0236579,0.51719,0.4678,-0.0836165,0.0023777-0.00075919i,0.0788753
0.0236579,0.586148,0.530174,-0.0836165,0.00257903-0.000863076i,0.107244
0.0236579,0.655107,0.592547,-0.0836165,0.00275768-0.000978282i,0.147299
0.0236579,0.724066,0.65492,-0.0836165,0.00291365-0.00110466i,0.207686
0.0236579,0.793024,0.717294,-0.0836165,0.00304712-0.00124203i,0.309641
0.0236579,0.861983,0.779667,-0.0836165,0.00315849-0.00139024i,0.523198
0.0236579,0.930941,0.84204,-0.0836165,0.00324829-0.00154922i,1.28788
0.0236579,0.9999,0.904414,-0.0836165,0.00331726-0.00171929i,2.15588e+09
0.0268947,-0.9999,-0.907273,-0.0950568,-0.00742836-0.00123931i,1.96507e+10
0.0268947,-0.930941,-0.844703,-0.0950568,-0.00686454-0.00112228i,2.67326
0.0268947,-0.861983,-0.782132,-0.0950568,-0.00630431-0.00101132i,0.519703
0.0268947,-0.793024,-0.719562,-0.0950568,-0.00574662-0.000906833i,0.185725
0.0268947,-0.724066,-0.656991,-0.0950568,-0.00519186-0.000809272i,0.0800076
0.0268947,-0.655107,-0.594421,-0.0950568,-0.00464093-0.000719146i,0.0372015
0.0268947,-0.586148,-0.53185,-0.0950568,-0.00409502-0.00063698i,0.0179044
0.0268947,-0.51719,-0.469279,-0.0950568,-0.00355555-0.000563306i,0.00878646
0.0268947,-0.448231,-0.406709,-0.0950568,-0.00302403-0.000498659i,0.00441625
0.0268947,-0.379272,-0.344138,-0.0950568,-0.00250208-0.000443567i,0.00235268
0.0268947,-0.310314,-0.281568,-0.0950568,-0.00199134-0.000398544i,0.00146718
0.0268947,-0.241355,-0.218997,-0.0950568,-0.00149349-0.000364089i,0.0012708
0.0268947,-0.172397,-0.156426,-0.0950568,-0.00101019-0.000340676i,0.00161168
0.0268947,-0.103438,-0.0938559,-0.0950568,-0.00054309-0.000328755i,0.00252725
0.0268947,-0.0344793,-0.0312853,-0.0950568,-9.37801e-05-0.000328743i,0.00416829
0.0268947,0.0344793,0.0312853,-0.0950568,0.000336201-0.000341019i,0.00676006
0.0268947,0.103438,0.0938559,-0.0950568,0.000745395-0.000365926i,0.0105852
0.0268947,0.172397,0.156426,-0.0950568,0.00113244-0.000403758i,0.0159827
0.0268947,0.241355,0.218997,-0.0950568,0.00149608-0.000454761i,0.0233618
0.0268947,0.310314,0.281568,-0.0950568,0.00183519-0.00051913i,0.0332359
0.0268947,0.379272,0.344138,-0.0950568,0.0021488-0.000597i,0.0462865
0.0268947,0.448231,0.406709,-0.0950568,0.00243609-0.000688448i,0.0634828
0.0268947,0.51719,0.469279,-0.0950568,0.00269641-0.00079349i,0.0863096
0.0268947,0.586148,0.53185,-0.0950568,0.00292933-0.00091208i,0.117236
0.0268947,0.655107,0.594421,-0.0950568,0.0031346-0.00104411i,0.160776
0.0268947,0.724066,0.656991,-0.0950568,0.00331221-0.00118944i,0.226257
0.0268947,0.793024,0.719562,-0.0950568,0.00346238-0.00134787i,0.336707
0.0268947,0.861983,0.782132,-0.0950568,0.00358554-0.00151924i,0.568874
0.0268947,0.930941,0.844703,-0.0950568,0.00368234-0.00170346i,1.42125
0.0268947,0.9999,0.907273,-0.0950568,0.0037536-0.00190085i,4.70687e+09
0.0301316,-0.9999,-0.910133,-0.106497,-0.00882998-0.0014146i,3.84712e+10
0.0301316,-0.930941,-0.847365,-0.106497,-0.00816403-0.00127495i,3.77361
0.0301316,-0.861983,-0.784598,-0.106497,-0.00750268-0.00114238i,0.694627
0.0301316,-0.793024,-0.72183,-0.106497,-0.00684469-0.00101731i,0.242465
0.0301316,-0.724066,-0.659062,-0.106497,-0.00619049-0.000900277i,0.103051
0.0301316,-0.655107,-0.596294,-0.106497,-0.00554115-0.000791861i,0.0474517
0.0301316,-0.586148,-0.533526,-0.106497,-0.0048981-0.000692671i,0.0226422
0.0301316,-0.51719,-0.470759,-0.106497,-0.00426301-0.00060333i,0.0110168
0.0301316,-0.448231,-0.407991,-0.106497,-0.0036377-0.000524457i,0.00548879
0.0301316,-0.379272,-0.345223,-0.106497,-0.00302405-0.000456671i,0.00289594
0.0301316,-0.310314,-0.282455,-0.106497,-0.00242406-0.000400574i,0.00177721
0.0301316,-0.241355,-0.219687,-0.106497,-0.00183968-0.00035675i,0.00149181
0.0301316,-0.172397,-0.15692,-0.106497,-0.00127292-0.000325759i,0.00182641
0.0301316,-0.103438,-0.0941517,-0.106497,-0.000725724-0.00030813i,0.00280445
0.0301316,-0.0344793,-0.0313839,-0.106497,-0.000199986-0.000304357i,0.0045882
0.0301316,0.0344793,0.0313839,-0.106497,0.000302462-0.000314894i,0.00742805
0.0301316,0.103438,0.0941517,-0.106497,0.000779885-0.000340148i,0.011639
0.0301316,0.172397,0.15692,-0.106497,0.00123066-0.000380478i,0.0175961
0.0301316,0.241355,0.219687,-0.106497,0.00165329-0.000436184i,0.0257482
0.0301316,0.310314,0.282455,-0.106497,0.00204644-0.000507509i,0.0366522
0.0301316,0.379272,0.345223,-0.106497,0.00240893-0.000594629i,0.0510416
0.0301316,0.448231,0.407991,-0.106497,0.00273979-0.000697655i,0.0699542
0.0301316,0.51719,0.470759,-0.106497,0.00303825-0.000816624i,0.0949771
0.0301316,0.586148,0.533526,-0.106497,0.00330376-0.000951508i,0.12875
0.0301316,0.655107,0.596294,-0.106497,0.00353604-0.00110221i,0.176106
0.0301316,0.724066,0.659062,-0.106497,0.00373505-0.00126857i,0.247062
0.0301316,0.793024,0.72183,-0.106497,0.00390101-0.0014504i,0.366451
0.0301316,0.861983,0.784598,-0.106497,0.00403444-0.00164751i,0.617888
0.0301316,0.930941,0.847365,-0.106497,0.00413606-0.00185981i,1.56481
0.0301316,0.9999,0.910133,-0.106497,0.00420683-0.00208763i,8.76341e+09
0.0333684,-0.9999,-0.912993,-0.117937,-0.0103614-0.00159485i,6.91083e+10
0.0333684,-0.930941,-0.850028,-0.117937,-0.00958294-0.00143006i,5.24233
0.0333684,-0.861983,-0.787063,-0.117937,-0.00881031-0.00127346i,0.917802
0.0333684,-0.793024,-0.724098,-0.117937,-0.008042-0.0011255i,0.313055
0.0333684,-0.724066,-0.661133,-0.117937,-0.00727853-0.000986806i,0.131229
0.0333684,-0.655107,-0.598168,-0.117937,-0.00652114-0.000858039i,0.0598088
0.0333684,-0.586148,-0.535203,-0.117937,-0.00577153-0.000739901i,0.0282771
0.0333684,-0.51719,-0.472238,-0.117937,-0.00503165-0.000633108i,0.013633
0.0333684,-0.448231,-0.409273,-0.117937,-0.00430363-0.000538381i,0.00673223
0.0333684,-0.379272,-0.346308,-0.117937,-0.00358971-0.000456435i,0.0035258
0.0333684,-0.310314,-0.283343,-0.117937,-0.00289221-0.000387971i,0.00214808
0.0333684,-0.241355,-0.220378,-0.117937,-0.00221346-0.000333669i,0.00177485
0.0333684,-0.172397,-0.157413,-0.117937,-0.0015558-0.000294183i,0.00211888
0.0333684,-0.103438,-0.0944476,-0.117937,-0.000921512-0.000270133i,0.0031865
0.0333684,-0.0344793,-0.0314825,-0.117937,-0.000312844-0.0002621i,0.00515287
0.0333684,0.0344793,0.0314825,-0.117937,0.000268056-0.000270619i,0.00829686
0.0333684,0.103438,0.0944476,-0.117937,0.000819142-0.000296174i,0.0129697
0.0333684,0.172397,0.157413,-0.117937,0.0013385-0.000339192i,0.0195865
0.0333684,0.241355,0.220378,-0.117937,0.00182438-0.000400038i,0.0286382
0.0333684,0.310314,0.283343,-0.117937,0.00227518-0.000479009i,0.0407273
0.0333684,0.379272,0.346308,-0.117937,0.00268953-0.000576328i,0.0566398
0.0333684,0.448231,0.409273,-0.117937,0.00306627-0.000692144i,0.0774813
0.0333684,0.51719,0.472238,-0.117937,0.00340448-0.000826524i,0.104938
0.0333684,0.586148,0.535203,-0.117937,0.00370351-0.000979456i,0.141815
0.0333684,0.655107,0.598168,-0.117937,0.00396301-0.00115085i,0.193252
0.0333684,0.724066,0.661133,-0.117937,0.00418291-0.00134056i,0.269923
0.0333684,0.793024,0.724098,-0.117937,0.00436347-0.00154837i,0.398395
0.0333684,0.861983,0.787063,-0.117937,0.00450526-0.00177409i,0.669034
0.0333684,0.930941,0.850028,-0.117937,0.0046091-0.00201762i,1.71657
0.0333684,0.9999,0.912993,-0.117937,0.00467611-0.00227929i,1.50155e+10
0.0366053,-0.9999,-0.915853,-0.129378,-0.0120328-0.0017797i,1.16601e+11
0.0366053,-0.930941,-0.852691,-0.129378,-0.0111306-0.00158698i,7.17885
0.0366053,-0.861983,-0.789528,-0.129378,-0.0102357-0.00140367i,1.20101
0.0366053,-0.793024,-0.726366,-0.129378,-0.00934617-0.00123029i,0.400692
0.0366053,-0.724066,-0.663204,-0.129378,-0.00846274-0.00106752i,0.165689
0.0366053,-0.655107,-0.600042,-0.129378,-0.00758684-0.000916119i,0.0747382
0.0366053,-0.586148,-0.536879,-0.129378,-0.00672045-0.000776901i,0.0350094
0.0366053,-0.51719,-0.473717,-0.129378,-0.00586583-0.000650684i,0.0167255
0.0366053,-0.448231,-0.410555,-0.129378,-0.00502547-0.000538299i,0.00819047
0.0366053,-0.379272,-0.347392,-0.129378,-0.004202-0.000440569i,0.00426773
0.0366053,-0.310314,-0.28423,-0.129378,-0.00339811-0.000358306i,0.00259923
0.0366053,-0.241355,-0.221068,-0.129378,-0.00261652-0.000292296i,0.00213898
0.0366053,-0.172397,-0.157906,-0.129378,-0.00185995-0.0002433i,0.00251057
0.0366053,-0.103438,-0.0947434,-0.129378,-0.00113108-0.000212038i,0.00369912
0.0366053,-0.0344793,-0.0315811,-0.129378,-0.000432515-0.000199189i,0.00589392
0.0366053,0.0344793,0.0315811,-0.129378,0.000233225-0.000205378i,0.00940579
0.0366053,0.103438,0.0947434,-0.129378,0.000863758-0.000231177i,0.0146262
0.0366053,0.172397,0.157906,-0.129378,0.00145685-0.000277091i,0.0220138
0.0366053,0.241355,0.221068,-0.129378,0.00201044-0.000343557i,0.032104
0.0366053,0.310314,0.28423,-0.129378,0.00252268-0.000430933i,0.0455455
0.0366053,0.379272,0.347392,-0.129378,0.00299195-0.000539498i,0.0631756
0.0366053,0.448231,0.410555,-0.129378,0.00341688-0.000669444i,0.0861633
0.0366053,0.51719,0.473717,-0.129378,0.00379641-0.000820872i,0.116286
0.0366053,0.586148,0.536879,-0.129378,0.00412975-0.000993794i,0.156497
0.0366053,0.655107,0.600042,-0.129378,0.00441649-0.00118813i,0.212213
0.0366053,0.724066,0.663204,-0.129378,0.00465652-0.00140374i,0.294698
0.0366053,0.793024,0.726366,-0.129378,0.00485014-0.0016404i,0.432079
0.0366053,0.861983,0.789528,-0.129378,0.00499796-0.00189791i,0.721103
0.0366053,0.930941,0.852691,-0.129378,0.00510094-0.00217614i,1.87547
0.0366053,0.9999,0.915853,-0.129378,0.00516034-0.00247545i,2.44474e+10
0.0398421,-0.9999,-0.918713,-0.140818,-0.0138553-0.00196876i,1.87479e+11
0.0398421,-0.930941,-0.855353,-0.140818,-0.0128172-0.00174502i,9.70377
0.0398421,-0.861983,-0.791994,-0.140818,-0.0117879-0.00153205i,1.55845
0.0398421,-0.793024,-0.728634,-0.140818,-0.0107653-0.00133042i,0.509207
0.0398421,-0.724066,-0.665275,-0.140818,-0.00975037-0.00114089i,0.207802
0.0398421,-0.655107,-0.601915,-0.140818,-0.00874461-0.000964343i,0.0927956
0.0398421,-0.586148,-0.538556,-0.140818,-0.00775035-0.000801687i,0.0430769
0.0398421,-0.51719,-0.475196,-0.140818,-0.00677023-0.000653863i,0.0203994
0.0398421,-0.448231,-0.411837,-0.140818,-0.00580713-0.000521823i,0.00991293
0.0398421,-0.379272,-0.348477,-0.140818,-0.00486408-0.000406513i,0.00514854
0.0398421,-0.310314,-0.285118,-0.140818,-0.0039442-0.000308864i,0.00314985
0.0398421,-0.241355,-0.221758,-0.140818,-0.00305064-0.000229786i,0.00260276
0.0398421,-0.172397,-0.158399,-0.140818,-0.00218656-0.000170153i,0.00302307
0.0398421,-0.103438,-0.0950392,-0.140818,-0.00135505-0.000130802i,0.00436939
0.0398421,-0.0344793,-0.0316797,-0.140818,-0.000559144-0.000112517i,0.00684612
0.0398421,0.0344793,0.0316797,-0.140818,0.000198256-0.000116031i,0.0107997
0.0398421,0.103438,0.0950392,-0.140818,0.000914383-0.000142008i,0.0166658
0.0398421,0.172397,0.158399,-0.140818,0.00158665-0.000191044i,0.0249499
0.0398421,0.241355,0.221758,-0.140818,0.00221266-0.000263655i,0.0362338
0.0398421,0.310314,0.285118,-0.140818,0.00279027-0.000360274i,0.0512115
0.0398421,0.379272,0.348477,-0.140818,0.0033176-0.000481239i,0.0707679
0.0398421,0.448231,0.411837,-0.140818,0.00379306-0.000626794i,0.0961275
0.0398421,0.51719,0.475196,-0.140818,0.0042154-0.000797079i,0.129144
0.0398421,0.586148,0.538556,-0.140818,0.00458371-0.000992135i,0.172893
0.0398421,0.655107,0.601915,-0.140818,0.00489746-0.0012119i,0.233015
0.0398421,0.724066,0.665275,-0.140818,0.00515656-0.00145623i,0.321251
0.0398421,0.793024,0.728634,-0.140818,0.00536129-0.00172491i,0.467014
0.0398421,0.861983,0.791994,-0.140818,0.00551236-0.00201771i,0.772813
0.0398421,0.930941,0.855353,-0.140818,0.00561084-0.0023345i,2.04195
0.0398421,0.9999,0.918713,-0.140818,0.00565815-0.00267565i,3.84525e+10
0.0430789,-0.9999,-0.921572,-0.152258,-0.0158409-0.00216153i,2.90081e+11
0.0430789,-0.930941,-0.858016,-0.152258,-0.0146534-0.00190336i,12.9626
0.0430789,-0.861983,-0.794459,-0.152258,-0.0134766-0.00165746i,2.00712
0.0430789,-0.793024,-0.730902,-0.152258,-0.0123083-0.00142446i,0.643188
0.0430789,-0.724066,-0.667346,-0.152258,-0.0111492-0.00120523i,0.259213
0.0430789,-0.655107,-0.603789,-0.152258,-0.0100013-0.00100074i,0.114647
0.0430789,-0.586148,-0.540232,-0.152258,-0.00886714-0.000812035i,0.0527666
0.0430789,-0.51719,-0.476675,-0.152258,-0.00774987-0.00064019i,0.0247832
0.0430789,-0.448231,-0.413119,-0.152258,-0.00665275-0.000486286i,0.0119605
0.0430789,-0.379272,-0.349562,-0.152258,-0.00557929-0.000351406i,0.00620157
0.0430789,-0.310314,-0.286005,-0.152258,-0.00453307-0.000236618i,0.00382385
0.0430789,-0.241355,-0.222449,-0.152258,-0.00351773-0.000142962i,0.0031892
0.0430789,-0.172397,-0.158892,-0.152258,-0.00253688-7.14457e-05i,0.00368298
0.0430789,-0.103438,-0.0953351,-0.152258,-0.0015941-2.30308e-05i,0.0052306
0.0430789,-0.0344793,-0.0317784,-0.152258,-0.00069286+1.37481e-06i,0.00805229
0.0430789,0.0344793,0.0317784,-0.152258,0.000163479+9.25338e-07i,0.0125337
0.0430789,0.103438,0.0953351,-0.152258,0.000971737-2.51539e-05i,0.0191591
0.0430789,0.172397,0.158892,-0.152258,0.00172893-7.75584e-05i,0.0284836
0.0430789,0.241355,0.222449,-0.152258,0.00243231-0.000156896i,0.0411361
0.0430789,0.310314,0.286005,-0.152258,0.00307939-0.000263679i,0.0578541
0.0430789,0.379272,0.349562,-0.152258,0.003668-0.000398318i,0.0795634
0.0430789,0.448231,0.413119,-0.152258,0.00419632-0.000561113i,0.107531
0.0430789,0.51719,0.476675,-0.152258,0.00466286-0.000752253i,0.143666
0.0430789,0.586148,0.540232,-0.152258,0.0050666-0.000971811i,0.191125
0.0430789,0.655107,0.603789,-0.152258,0.00540691-0.00121975i,0.255698
0.0430789,0.724066,0.667346,-0.152258,0.00568363-0.00149592i,0.349438
0.0430789,0.793024,0.730902,-0.152258,0.0058971-0.00180011i,0.502653
0.0430789,0.861983,0.794459,-0.152258,0.0060481-0.00213209i,0.822795
0.0430789,0.930941,0.858016,-0.152258,0.00613783-0.00249171i,2.21884
0.0430789,0.9999,0.921572,-0.152258,0.00616789-0.00287934i,5.89868e+10
0.0463158,-0.9999,-0.924432,-0.163699,-0.0180022-0.00235746i,4.3493e+11
0.0463158,-0.930941,-0.860678,-0.163699,-0.016651-0.00206106i,17.1302
0.0463158,-0.861983,-0.796924,-0.163699,-0.0153126-0.00177863i,2.5674
0.0463158,-0.793024,-0.73317,-0.163699,-0.0139845-0.00151082i,0.808109
0.0463158,-0.724066,-0.669416,-0.163699,-0.0126676-0.0012586i,0.321882
0.0463158,-0.655107,-0.605662,-0.163699,-0.0113641-0.00102309i,0.141091
0.0463158,-0.586148,-0.541909,-0.163699,-0.0100771-0.000805458i,0.0644248
0.0463158,-0.51719,-0.478155,-0.163699,-0.00881007-0.00060692i,0.0300341
0.0463158,-0.448231,-0.414401,-0.163699,-0.00756676-0.000428709i,0.0144095
0.0463158,-0.379272,-0.350647,-0.163699,-0.00635119-0.00027206i,0.00747003
0.0463158,-0.310314,-0.286893,-0.163699,-0.00516747-0.000138188i,0.00465281
0.0463158,-0.241355,-0.223139,-0.163699,-0.00401976-2.82857e-05i,0.00392851
0.0463158,-0.172397,-0.159385,-0.163699,-0.00291219+5.64956e-05i,0.00452471
0.0463158,-0.103438,-0.0956309,-0.163699,-0.00184887+0.000115053i,0.0063252
0.0463158,-0.0344793,-0.031877,-0.163699,-0.000833765+0.000146341i,0.00956634
0.0463158,0.0344793,0.031877,-0.163699,0.000129277+0.000149387i,0.0146768
0.0463158,0.103438,0.0956309,-0.163699,0.00103661+0.000123292i,0.0221934
0.0463158,0.172397,0.159385,-0.163699,0.00188482+6.72504e-05i,0.0327238
0.0463158,0.241355,0.223139,-0.163699,0.00267075-1.94501e-05i,0.0469439
0.0463158,0.310314,0.286893,-0.163699,0.00339156-0.000137414i,0.0656305
0.0463158,0.379272,0.350647,-0.163699,0.00404475-0.00028713i,0.0897401
0.0463158,0.448231,0.414401,-0.163699,0.00462821-0.000468968i,0.120566
0.0463158,0.51719,0.478155,-0.163699,0.00514027-0.000683168i,0.160037
0.0463158,0.586148,0.541909,-0.163699,0.00557969-0.000929844i,0.211341
0.0463158,0.655107,0.605662,-0.163699,0.00594577-0.00120898i,0.28031
0.0463158,0.724066,0.669416,-0.163699,0.0062383-0.00152045i,0.379092
0.0463158,0.793024,0.73317,-0.163699,0.00645763-0.00186403i,0.538378
0.0463158,0.861983,0.796924,-0.163699,0.00660464-0.00223948i,0.869619
0.0463158,0.930941,0.860678,-0.163699,0.00668067-0.00264664i,2.41273
0.0463158,0.9999,0.924432,-0.163699,0.00668753-0.00308589i,8.87716e+10
0.0495526,-0.9999,-0.927292,-0.175139,-0.0203533-0.00255588i,6.35173e+11
0.0495526,-0.930941,-0.863341,-0.175139,-0.0188225-0.00221709i,22.4157
0.0495526,-0.861983,-0.79939,-0.175139,-0.017307-0.00189412i,3.26353
0.0495526,-0.793024,-0.735438,-0.175139,-0.015804-0.00158769i,1.01049
0.0495526,-0.724066,-0.671487,-0.175139,-0.0143144-0.00129888i,0.398147
0.0495526,-0.655107,-0.607536,-0.175139,-0.012841-0.00102893i,0.173083
0.0495526,-0.586148,-0.543585,-0.175139,-0.011387-0.000779176i,0.0784697
0.0495526,-0.51719,-0.479634,-0.175139,-0.00995655-0.000550991i,0.0363447
0.0495526,-0.448231,-0.415683,-0.175139,-0.00855388-0.000345772i,0.017356
0.0495526,-0.379272,-0.351731,-0.175139,-0.00718358-0.000164918i,0.00900977
0.0495526,-0.310314,-0.28778,-0.175139,-0.00585031-9.81518e-06i,0.00567825
0.0495526,-0.241355,-0.223829,-0.175139,-0.00455883+0.000118182i,0.0048603
0.0495526,-0.172397,-0.159878,-0.175139,-0.00331385+0.000217758i,0.00559273
0.0495526,-0.103438,-0.0959268,-0.175139,-0.00212004+0.000287652i,0.00770718
0.0495526,-0.0344793,-0.0319756,-0.175139,-0.000981939+0.000326669i,0.011456
0.0495526,0.0344793,0.0319756,-0.175139,9.60884e-05+0.000333689i,0.0173145
0.0495526,0.103438,0.0959268,-0.175139,0.00110988+0.000307679i,0.0258765
0.0495526,0.172397,0.159878,-0.175139,0.00205554+0.000247705i,0.0378042
0.0495526,0.241355,0.223829,-0.175139,0.00292946+0.00015294i,0.0538192
0.0495526,0.310314,0.28778,-0.175139,0.00372841+2.2677e-05i,0.0747305
0.0495526,0.379272,0.351731,-0.175139,0.00444953-0.000143666i,0.101512
0.0495526,0.448231,0.415683,-0.175139,0.00509041-0.000346534i,0.135458
0.0495526,0.51719,0.479634,-0.175139,0.00564911-0.00058623i,0.178479
0.0495526,0.586148,0.543585,-0.175139,0.00612424-0.000862914i,0.233716
0.0495526,0.655107,0.607536,-0.175139,0.00651496-0.0011766i,0.306911
0.0495526,0.724066,0.671487,-0.175139,0.00682101-0.00152718i,0.41002
0.0495526,0.793024,0.735438,-0.175139,0.00704277-0.00191443i,0.573488
0.0495526,0.861983,0.79939,-0.175139,0.00718121-0.00233809i,0.911856
0.0495526,0.930941,0.863341,-0.175139,0.00723783-0.00279801i,2.63596
0.0495526,0.9999,0.927292,-0.175139,0.00721466-0.00329456i,1.31557e+11
0.0527895,-0.9999,-0.930152,-0.186579,-0.0229089-0.00275603i,9.07091e+11
0.0527895,-0.930941,-0.866003,-0.186579,-0.0211814-0.00237022i,29.0684
0.0527895,-0.861983,-0.801855,-0.186579,-0.0194721-0.0020023i,4.12438
0.0527895,-0.793024,-0.737707,-0.186579,-0.0177777-0.00165304i,1.25807
0.0527895,-0.724066,-0.673558,-0.186579,-0.0160994-0.00132363i,0.490791
0.0527895,-0.655107,-0.60941,-0.186579,-0.0144403-0.00101548i,0.211764
0.0527895,-0.586148,-0.545261,-0.186579,-0.0128041-0.000730085i,0.0954042
0.0527895,-0.51719,-0.481113,-0.186579,-0.0111954-0.000468988i,0.04395
0.0527895,-0.448231,-0.416965,-0.186579,-0.00961916-0.000233773i,0.0209197
0.0527895,-0.379272,-0.352816,-0.186579,-0.00808047-2.60246e-05i,0.0108922
0.0527895,-0.310314,-0.288668,-0.186579,-0.00658467+0.000152687i,0.00695403
0.0527895,-0.241355,-0.224519,-0.186579,-0.00513715+0.000300822i,0.00603577
0.0527895,-0.172397,-0.160371,-0.186579,-0.00374327+0.000416885i,0.00694376
0.0527895,-0.103438,-0.0962226,-0.186579,-0.00240831+0.00049944i,0.00944449
0.0527895,-0.0344793,-0.0320742,-0.186579,-0.00113743+0.000547121i,0.0138055
0.0527895,0.0344793,0.0320742,-0.186579,6.44173e-05+0.000558649i,0.0205526
0.0527895,0.103438,0.0962226,-0.186579,0.0011925+0.000532837i,0.0303403
0.0527895,0.172397,0.160371,-0.186579,0.0022424+0.000468609i,0.0438871
0.0527895,0.241355,0.224519,-0.186579,0.00321002+0.000365009i,0.0619572
0.0527895,0.310314,0.288668,-0.186579,0.00409168+0.000221212i,0.0853826
0.0527895,0.379272,0.352816,-0.186579,0.00488414+3.6533e-05i,0.115136
0.0527895,0.448231,0.416965,-0.186579,0.00558463-0.00018956i,0.152479
0.0527895,0.51719,0.481113,-0.186579,0.00619096-0.00045744i,0.199252
0.0527895,0.586148,0.545261,-0.186579,0.00670153-0.000767323i,0.258456
0.0527895,0.655107,0.60941,-0.186579,0.00711535-0.00111926i,0.335564
0.0527895,0.724066,0.673558,-0.186579,0.00743213-0.00151316i,0.441994
0.0527895,0.793024,0.737707,-0.186579,0.00765226-0.0019488i,0.607202
0.0527895,0.861983,0.801855,-0.186579,0.00777681-0.00242593i,0.948191
0.0527895,0.930941,0.866003,-0.186579,0.00780744-0.00294436i,2.90929
0.0527895,0.9999,0.930152,-0.186579,0.00774643-0.0035045i,1.92462e+11
0.0560263,-0.9999,-0.933012,-0.198019,-0.0256852-0.00295704i,1.27069e+12
0.0560263,-0.930941,-0.868666,-0.198019,-0.0237424-0.00251911i,37.3845
0.0560263,-0.861983,-0.80432,-0.198019,-0.021821-0.00210136i,5.18416
0.0560263,-0.793024,-0.739975,-0.198019,-0.0199174-0.0017046i,1.56004
0.0560263,-0.724066,-0.675629,-0.198019,-0.0180329-0.00133019i,0.603113
0.0560263,-0.655107,-0.611283,-0.198019,-0.016171-0.000979669i,0.258492
0.0560263,-0.586148,-0.546938,-0.198019,-0.0143361-0.000654726i,0.115832
0.0560263,-0.51719,-0.482592,-0.198019,-0.0125332-0.000357108i,0.0531361
0.0560263,-0.448231,-0.418247,-0.198019,-0.010768-8.85945e-05i,0.0252491
0.0560263,-0.379272,-0.353901,-0.198019,-0.00904615+0.000149024i,0.0132077
0.0560263,-0.310314,-0.289555,-0.198019,-0.00737383+0.000353972i,0.00854899
0.0560263,-0.241355,-0.22521,-0.198019,-0.00575706+0.000524505i,0.00752013
0.0560263,-0.172397,-0.160864,-0.198019,-0.00420191+0.000658928i,0.00864931
0.0560263,-0.103438,-0.0965184,-0.198019,-0.00271436+0.000755608i,0.0116219
0.0560263,-0.0344793,-0.0321728,-0.198019,-0.00130024+0.000812991i,0.0167189
0.0560263,0.0344793,0.0321728,-0.198019,3.48373e-05+0.000829618i,0.0245204
0.0560263,0.103438,0.0965184,-0.198019,0.00128554+0.000804132i,0.0357453
0.0560263,0.172397,0.160864,-0.198019,0.00244684+0.000735298i,0.051169
0.0560263,0.241355,0.22521,-0.198019,0.00351413+0.000622013i,0.0715933
0.0560263,0.310314,0.289555,-0.198019,0.00448323+0.000463321i,0.0978603
0.0560263,0.379272,0.353901,-0.198019,0.00535046+0.000258422i,0.130917
0.0560263,0.448231,0.418247,-0.198019,0.00611269+6.68366e-06i,0.171952
0.0560263,0.51719,0.482592,-0.198019,0.00676743-0.00029235i,0.222663
0.0560263,0.586148,0.546938,-0.198019,0.00731283-0.000638955i,0.285797
0.0560263,0.655107,0.611283,-0.198019,0.00774778-0.00103323i,0.366344
0.0560263,0.724066,0.675629,-0.198019,0.00807191-0.0014751i,0.474756
0.0560263,0.793024,0.739975,-0.198019,0.00828563-0.00196436i,0.638668
0.0560263,0.861983,0.80432,-0.198019,0.00839012-0.00250075i,0.977592
0.0560263,0.930941,0.868666,-0.198019,0.00838724-0.00308407i,3.26565
0.0560263,0.9999,0.933012,-0.198019,0.00827952-0.00371474i,2.78415e+11
0.0592632,-0.9999,-0.935871,-0.20946,-0.0286994-0.00315791i,1.75039e+12
0.0592632,-0.930941,-0.871328,-0.20946,-0.0265211-0.0026622i,47.7146
0.0592632,-0.861983,-0.806786,-0.20946,-0.0243678-0.00218923i,6.48336
0.0592632,-0.793024,-0.742243,-0.20946,-0.0222356-0.00173984i,1.92727
0.0592632,-0.724066,-0.6777,-0.20946,-0.020126-0.00131553i,0.739028
0.0592632,-0.655107,-0.613157,-0.20946,-0.0180429-0.000918038i,0.314885
0.0592632,-0.586148,-0.548614,-0.20946,-0.0159913-0.000549246i,0.140477
0.0592632,-0.51719,-0.484071,-0.20946,-0.0139769-0.000211117i,0.0642496
0.0592632,-0.448231,-0.419529,-0.20946,-0.012006+9.4344e-05i,0.0305269
0.0592632,-0.379272,-0.354986,-0.20946,-0.0100852+0.000365121i,0.0160694
0.0592632,-0.310314,-0.290443,-0.20946,-0.00822123+0.000599211i,0.0105501
0.0592632,-0.241355,-0.2259,-0.20946,-0.00642098+0.000794641i,0.00939553
0.0592632,-0.172397,-0.161357,-0.20946,-0.00469129+0.000949493i,0.0107987
0.0592632,-0.103438,-0.0968143,-0.20946,-0.00303889+0.00106192i,0.0143443
0.0592632,-0.0344793,-0.0322714,-0.20946,-0.00147035+0.00113015i,0.020324
0.0592632,0.0344793,0.0322714,-0.20946,8.00052e-06+0.00115254i,0.0293756
0.0592632,0.103438,0.0968143,-0.20946,0.00139014+0.00112752i,0.0422859
0.0592632,0.172397,0.161357,-0.20946,0.00267042+0.00105369i,0.0598867
0.0592632,0.241355,0.2259,-0.20946,0.00384363+0.000929788i,0.0830098
0.0592632,0.310314,0.290443,-0.20946,0.00490503+0.000754702i,0.11249
0.0592632,0.379272,0.354986,-0.20946,0.00585049+0.000527503i,0.149217
0.0592632,0.448231,0.419529,-0.20946,0.00667648+0.000247446i,0.194255
0.0592632,0.51719,0.484071,-0.20946,0.00738014-8.60172e-05i,0.249074
0.0592632,0.586148,0.548614,-0.20946,0.00795941-0.000473235i,0.316019
0.0592632,0.655107,0.613157,-0.20946,0.00841298-0.000914356i,0.399336
0.0592632,0.724066,0.6777,-0.20946,0.00874043-0.00140934i,0.508013
0.0592632,0.793024,0.742243,-0.20946,0.00894219-0.001958i,0.666992
0.0592632,0.861983,0.806786,-0.20946,0.00901954-0.00256005i,0.999568
0.0592632,0.930941,0.871328,-0.20946,0.00897455-0.0032153i,3.75506
0.0592632,0.9999,0.935871,-0.20946,0.00881002-0.00392416i,3.98709e+11
0.0625,-0.9999,-0.938731,-0.2209,-0.0319704-0.00335749i,2.37582e+12
0.0625,-0.930941,-0.873991,-0.2209,-0.0295344-0.00279777i,60.4729
0.0625,-0.861983,-0.809251,-0.2209,-0.0271277-0.00226361i,8.06983
0.0625,-0.793024,-0.744511,-0.2209,-0.0247458-0.0017559i,2.3726
0.0625,-0.724066,-0.679771,-0.2209,-0.0223906-0.00127631i,0.903166
0.0625,-0.655107,-0.615031,-0.2209,-0.0200664-0.000826756i,0.382863
0.0625,-0.586148,-0.550291,-0.2209,-0.0177787-0.000409356i,0.170204
0.0625,-0.51719,-0.485551,-0.2209,-0.015534-2.63092e-05i,0.0777094
0.0625,-0.448231,-0.420811,-0.2209,-0.0133395+0.000320133i,0.0369776
0.0625,-0.379272,-0.35607,-0.2209,-0.0112024+0.000627704i,0.0196182
0.0625,-0.310314,-0.29133,-0.2209,-0.00913055+0.000894144i,0.0130664
0.0625,-0.241355,-0.22659,-0.2209,-0.00713151+0.00111723i,0.0117646
0.0625,-0.172397,-0.16185,-0.2209,-0.005213+0.0012948i,0.0135025
0.0625,-0.103438,-0.0971101,-0.2209,-0.0033826+0.00142477i,0.0177404
0.0625,-0.0344793,-0.03237,-0.2209,-0.00164768+0.00150512i,0.0247768
0.0625,0.0344793,0.03237,-0.2209,-1.53537e-05+0.00153399i,0.0353098
0.0625,0.103438,0.0971101,-0.2209,0.0015076+0.0015096i,0.0501971
0.0625,0.172397,0.16185,-0.2209,0.00291483+0.00143036i,0.0703248
0.0625,0.241355,0.22659,-0.2209,0.00420047+0.00129481i,0.0965448
0.0625,0.310314,0.29133,-0.2209,0.00535921+0.00110167i,0.129662
0.0625,0.379272,0.35607,-0.2209,0.00638637+0.000849879i,0.170468
0.0625,0.448231,0.420811,-0.2209,0.00727797+0.000538555i,0.219839
0.0625,0.51719,0.485551,-0.2209,0.00803081+0.000167046i,0.27891
0.0625,0.586148,0.550291,-0.2209,0.00864253-0.00026508i,0.349448
0.0625,0.655107,0.615031,-0.2209,0.00911164-0.000758032i,0.434644
0.0625,0.724066,0.679771,-0.2209,0.00943764-0.00131181i,0.541452
0.0625,0.793024,0.744511,-0.2209,0.00962098-0.00192623i,0.691273
0.0625,0.861983,0.809251,-0.2209,0.00966306-0.00260102i,1.01452
0.0625,0.930941,0.873991,-0.2209,0.00956617-0.00333598i,4.4512
0.0625,0.9999,0.938731,-0.2209,0.00933343-0.00413152i,5.65706e+11
