tau,z,PK,QQ,scattering_amp,|scattering_amp|2
0.001,-0.9999,-0.884395,-0.0035344,-0.000164697-0.000638295i,-1.12456e+07
0.001,-0.930941,-0.823402,-0.0035344,-0.000158542-0.000341043i,347.933
0.001,-0.861983,-0.76241,-0.0035344,-0.000238606-0.000161576i,346.728
0.001,-0.793024,-0.701417,-0.0035344,-0.000336173-1.98353e-06i,340.929
0.001,-0.724066,-0.640424,-0.0035344,-0.000443716+0.000148189i,333.848
0.001,-0.655107,-0.579431,-0.0035344,-0.000558084+0.000293129i,326.146
0.001,-0.586148,-0.518439,-0.0035344,-0.000677494+0.000435069i,318.038
0.001,-0.51719,-0.457446,-0.0035344,-0.000800761+0.000575399i,309.618
0.001,-0.448231,-0.396453,-0.0035344,-0.000927008+0.000715073i,300.937
0.001,-0.379272,-0.33546,-0.0035344,-0.00105554+0.000854791i,292.03
0.001,-0.310314,-0.274467,-0.0035344,-0.0011858+0.000995095i,282.924
0.001,-0.241355,-0.213475,-0.0035344,-0.0013173+0.00113642i,273.642
0.001,-0.172397,-0.152482,-0.0035344,-0.00144961+0.0012791i,264.209
0.001,-0.103438,-0.0914892,-0.0035344,-0.00158238+0.00142345i,254.647
0.001,-0.0344793,-0.0304964,-0.0035344,-0.00171531+0.00156969i,244.98
0.001,0.0344793,0.0304964,-0.0035344,-0.00184812+0.00171802i,235.233
0.001,0.103438,0.0914892,-0.0035344,-0.00198062+0.0018686i,225.433
0.001,0.172397,0.152482,-0.0035344,-0.00211264+0.00202154i,215.606
0.001,0.241355,0.213475,-0.0035344,-0.00224408+0.00217695i,205.784
0.001,0.310314,0.274467,-0.0035344,-0.00237493+0.00233488i,196.002
0.001,0.379272,0.33546,-0.0035344,-0.00250523+0.00249537i,186.299
0.001,0.448231,0.396453,-0.0035344,-0.00263514+0.00265847i,176.72
0.001,0.51719,0.457446,-0.0035344,-0.00276498+0.00282418i,167.324
0.001,0.586148,0.518439,-0.0035344,-0.00289521+0.00299258i,158.187
0.001,0.655107,0.579431,-0.0035344,-0.00302659+0.00316376i,149.424
0.001,0.724066,0.640424,-0.0035344,-0.00316033+0.00333796i,141.231
0.001,0.793024,0.701417,-0.0035344,-0.00329842+0.00351566i,134.023
0.001,0.861983,0.76241,-0.0035344,-0.00344461+0.00369777i,128.977
0.001,0.930941,0.823402,-0.0035344,-0.00360812+0.00388626i,131.942
0.001,0.9999,0.884395,-0.0035344,-0.00387286+0.00408673i,-1.12149e+08
0.00423684,-0.9999,-0.887255,-0.0149747,0.0012308-0.00117271i,-5.20371e+07
0.00423684,-0.930941,-0.826065,-0.0149747,0.00117031-0.000478242i,0.635487
0.00423684,-0.861983,-0.764875,-0.0149747,0.001038-0.000100946i,0.5364
0.00423684,-0.793024,-0.703685,-0.0149747,0.000891151+0.000218664i,0.485797
0.00423684,-0.724066,-0.642495,-0.0149747,0.000736297+0.000507777i,0.444682
0.00423684,-0.655107,-0.581305,-0.0149747,0.00057632+0.000777012i,0.408143
0.00423684,-0.586148,-0.520115,-0.0149747,0.000412963+0.00103184i,0.375058
0.00423684,-0.51719,-0.458925,-0.0149747,0.000247471+0.0012755i,0.345126
0.00423684,-0.448231,-0.397735,-0.0149747,8.08263e-05+0.00151014i,0.318282
0.00423684,-0.379272,-0.336545,-0.0149747,-8.61461e-05+0.00173723i,0.294531
0.00423684,-0.310314,-0.275355,-0.0149747,-0.000252727+0.00195785i,0.273893
0.00423684,-0.241355,-0.214165,-0.0149747,-0.000418277+0.00217285i,0.256385
0.00423684,-0.172397,-0.152975,-0.0149747,-0.000582217+0.00238287i,0.242013
0.00423684,-0.103438,-0.091785,-0.0149747,-0.000744025+0.00258845i,0.230776
0.00423684,-0.0344793,-0.030595,-0.0149747,-0.000903228+0.00279003i,0.222672
0.00423684,0.0344793,0.030595,-0.0149747,-0.00105941+0.00298799i,0.217711
0.00423684,0.103438,0.091785,-0.0149747,-0.00121219+0.00318267i,0.215929
0.00423684,0.172397,0.152975,-0.0149747,-0.00136126+0.00337434i,0.217418
0.00423684,0.241355,0.214165,-0.0149747,-0.00150637+0.00356325i,0.222361
0.00423684,0.310314,0.275355,-0.0149747,-0.00164733+0.00374965i,0.231088
0.00423684,0.379272,0.336545,-0.0149747,-0.00178405+0.00393373i,0.244171
0.00423684,0.448231,0.397735,-0.0149747,-0.00191653+0.00411567i,0.26258
0.00423684,0.51719,0.458925,-0.0149747,-0.0020449+0.00429565i,0.287966
0.00423684,0.586148,0.520115,-0.0149747,-0.00216945+0.00447378i,0.323233
0.00423684,0.655107,0.581305,-0.0149747,-0.00229072+0.00465016i,0.373767
0.00423684,0.724066,0.642495,-0.0149747,-0.0024096+0.0048248i,0.450546
0.00423684,0.793024,0.703685,-0.0149747,-0.00252767+0.00499744i,0.579509
0.00423684,0.861983,0.764875,-0.0149747,-0.00264788+0.00516703i,0.839677
0.00423684,0.930941,0.826065,-0.0149747,-0.00277755+0.00532918i,1.63832
0.00423684,0.9999,0.887255,-0.0149747,-0.00298249+0.00541573i,-3.66501e+08
0.00747368,-0.9999,-0.890115,-0.026415,0.00273446-0.00144946i,-1.75694e+08
0.00747368,-0.930941,-0.828728,-0.026415,0.00261801-0.000490266i,0.209364
0.00747368,-0.861983,-0.76734,-0.026415,0.0024388+1.92016e-05i,0.0666561
0.00747368,-0.793024,-0.705953,-0.026415,0.00224764+0.000446454i,0.032505
0.00747368,-0.724066,-0.644566,-0.026415,0.00205042+0.000829832i,0.0181291
0.00747368,-0.655107,-0.583179,-0.026415,0.00184981+0.00118422i,0.0102457
0.00747368,-0.586148,-0.521791,-0.026415,0.00164749+0.00151722i,0.00515726
0.00747368,-0.51719,-0.460404,-0.026415,0.00144471+0.00183332i,0.00152891
0.00747368,-0.448231,-0.399017,-0.026415,0.00124254+0.00213541i,-0.0011796
0.00747368,-0.379272,-0.33763,-0.026415,0.00104187+0.00242547i,-0.00318578
0.00747368,-0.310314,-0.276243,-0.026415,0.000843538+0.00270494i,-0.00455782
0.00747368,-0.241355,-0.214855,-0.026415,0.000648298+0.00297493i,-0.00528711
0.00747368,-0.172397,-0.153468,-0.026415,0.000456858+0.00323628i,-0.00532096
0.00747368,-0.103438,-0.0920808,-0.026415,0.000269878+0.00348969i,-0.00457727
0.00747368,-0.0344793,-0.0306936,-0.026415,8.79737e-05+0.00373574i,-0.00294983
0.00747368,0.0344793,0.0306936,-0.026415,-8.82849e-05+0.00397494i,-0.000307482
0.00747368,0.103438,0.0920808,-0.026415,-0.000258374+0.00420772i,0.00351207
0.00747368,0.172397,0.153468,-0.026415,-0.000421818+0.00443451i,0.00871437
0.00747368,0.241355,0.214855,-0.026415,-0.000578201+0.00465566i,0.0155689
0.00747368,0.310314,0.276243,-0.026415,-0.000727166+0.00487154i,0.0244434
0.00747368,0.379272,0.33763,-0.026415,-0.000868433+0.00508248i,0.0358611
0.00747368,0.448231,0.399017,-0.026415,-0.00100181+0.0052888i,0.0506024
0.00747368,0.51719,0.460404,-0.026415,-0.0011272+0.00549077i,0.0698922
0.00747368,0.586148,0.521791,-0.026415,-0.00124468+0.00568866i,0.0957767
0.00747368,0.655107,0.583179,-0.026415,-0.00135448+0.00588259i,0.131957
0.00747368,0.724066,0.644566,-0.026415,-0.00145718+0.00607253i,0.185891
0.00747368,0.793024,0.705953,-0.026415,-0.00155384+0.0062579i,0.275232
0.00747368,0.861983,0.76734,-0.026415,-0.0016467+0.00643662i,0.454389
0.00747368,0.930941,0.828728,-0.026415,-0.00174153+0.00660068i,1.01138
0.00747368,0.9999,0.890115,-0.026415,-0.00189212+0.00663716i,-5.70858e+08
0.0107105,-0.9999,-0.892975,-0.0378553,0.00437763-0.001636i,-3.28767e+08
0.0107105,-0.930941,-0.83139,-0.0378553,0.00420647-0.00045836i,0.330426
0.0107105,-0.861983,-0.769806,-0.0378553,0.00397981+0.000160108i,0.0842458
0.0107105,-0.793024,-0.708221,-0.0378553,0.0037439+0.000676557i,0.0317194
0.0107105,-0.724066,-0.646637,-0.0378553,0.00350407+0.00113854i,0.0127796
0.0107105,-0.655107,-0.585052,-0.0378553,0.00326277+0.00156446i,0.00445292
0.0107105,-0.586148,-0.523468,-0.0378553,0.00302163+0.00196367i,0.000388041
0.0107105,-0.51719,-0.461883,-0.0378553,0.00278191+0.00234162i,-0.00173404
0.0107105,-0.448231,-0.400299,-0.0378553,0.0025447+0.00270185i,-0.00288331
0.0107105,-0.379272,-0.338714,-0.0378553,0.002311+0.00304673i,-0.00348187
0.0107105,-0.310314,-0.27713,-0.0378553,0.00208173+0.003378i,-0.00369737
0.0107105,-0.241355,-0.215546,-0.0378553,0.00185775+0.00369696i,-0.00356651
0.0107105,-0.172397,-0.153961,-0.0378553,0.00163991+0.00400461i,-0.00305188
0.0107105,-0.103438,-0.0923767,-0.0378553,0.00142899+0.00430179i,-0.0020694
0.0107105,-0.0344793,-0.0307922,-0.0378553,0.00122577+0.00458918i,-0.000501094
0.0107105,0.0344793,0.0307922,-0.0378553,0.00103097+0.0048674i,0.00180093
0.0107105,0.103438,0.0923767,-0.0378553,0.000845278+0.005137i,0.00501685
0.0107105,0.172397,0.153961,-0.0378553,0.000669343+0.0053985i,0.00936804
0.0107105,0.241355,0.215546,-0.0378553,0.000503767+0.00565237i,0.0151342
0.0107105,0.310314,0.27713,-0.0378553,0.0003491+0.00589909i,0.0226833
0.0107105,0.379272,0.338714,-0.0378553,0.000205833+0.00613914i,0.0325231
0.0107105,0.448231,0.400299,-0.0378553,7.43857e-05+0.00637296i,0.0453932
0.0107105,0.51719,0.461883,-0.0378553,-4.49095e-05+0.00660098i,0.062437
0.0107105,0.586148,0.523468,-0.0378553,-0.00015183+0.00682359i,0.085549
0.0107105,0.655107,0.585052,-0.0378553,-0.000246304+0.00704105i,0.118148
0.0107105,0.724066,0.646637,-0.0378553,-0.000328494+0.00725338i,0.167144
0.0107105,0.793024,0.708221,-0.0378553,-0.000398971+0.00745989i,0.24902
0.0107105,0.861983,0.769806,-0.0378553,-0.000459205+0.00765791i,0.415364
0.0107105,0.930941,0.83139,-0.0378553,-0.000513516+0.007837i,0.948759
0.0107105,0.9999,0.892975,-0.0378553,-0.00060583+0.00785137i,-6.70283e+08
0.0139474,-0.9999,-0.895834,-0.0492956,0.00617737-0.00177143i,-2.5079e+08
0.0139474,-0.930941,-0.834053,-0.0492956,0.00595013-0.000401741i,0.539222
0.0139474,-0.861983,-0.772271,-0.0492956,0.00567383+0.000312252i,0.131882
0.0139474,-0.793024,-0.710489,-0.0492956,0.0053912+0.000907165i,0.0502991
0.0139474,-0.724066,-0.648708,-0.0492956,0.00510705+0.00143869i,0.0217699
0.0139474,-0.655107,-0.586926,-0.0492956,0.00482365+0.00192829i,0.00963316
0.0139474,-0.586148,-0.525144,-0.0492956,0.00454254+0.00238684i,0.00399386
0.0139474,-0.51719,-0.463363,-0.0492956,0.004265+0.00282068i,0.00126464
0.0139474,-0.448231,-0.401581,-0.0492956,0.00399215+0.00323383i,-6.56953e-05
0.0139474,-0.379272,-0.339799,-0.0492956,0.00372505+0.00362905i,-0.00067411
0.0139474,-0.310314,-0.278018,-0.0492956,0.00346473+0.0040083i,-0.000853642
0.0139474,-0.241355,-0.216236,-0.0492956,0.00321217+0.00437304i,-0.000701759
0.0139474,-0.172397,-0.154454,-0.0492956,0.00296834+0.00472443i,-0.000207362
0.0139474,-0.103438,-0.0926725,-0.0492956,0.00273419+0.0050634i,0.000706499
0.0139474,-0.0344793,-0.0308908,-0.0492956,0.00251064+0.00539075i,0.00216158
0.0139474,0.0344793,0.0308908,-0.0492956,0.00229858+0.00570718i,0.00431553
0.0139474,0.103438,0.0926725,-0.0492956,0.00209889+0.00601335i,0.00736137
0.0139474,0.172397,0.154454,-0.0492956,0.00191241+0.00630986i,0.0115344
0.0139474,0.241355,0.216236,-0.0492956,0.00173994+0.00659734i,0.0171281
0.0139474,0.310314,0.278018,-0.0492956,0.00158226+0.00687636i,0.0245236
0.0139474,0.379272,0.339799,-0.0492956,0.00144008+0.00714754i,0.0342408
0.0139474,0.448231,0.401581,-0.0492956,0.0013141+0.00741149i,0.047031
0.0139474,0.51719,0.463363,-0.0492956,0.00120492+0.0076688i,0.0640513
0.0139474,0.586148,0.525144,-0.0492956,0.00111308+0.00792004i,0.0872177
0.0139474,0.655107,0.586926,-0.0492956,0.00103902+0.00816565i,0.119996
0.0139474,0.724066,0.648708,-0.0492956,0.000983021+0.0084058i,0.169428
0.0139474,0.793024,0.710489,-0.0492956,0.000945068+0.00863987i,0.252452
0.0139474,0.861983,0.772271,-0.0492956,0.000924486+0.00886492i,0.422879
0.0139474,0.930941,0.834053,-0.0492956,0.000918389+0.00906897i,0.985951
0.0139474,0.9999,0.895834,-0.0492956,0.000891487+0.00908139i,-5.86684e+08
0.0171842,-0.9999,-0.898694,-0.0607359,0.00814893-0.00187213i,6.03175e+08
0.0171842,-0.930941,-0.836715,-0.0607359,0.00786289-0.000328784i,0.840801
0.0171842,-0.861983,-0.774736,-0.0607359,0.00753379+0.000471077i,0.19527
0.0171842,-0.793024,-0.712757,-0.0607359,0.00720161+0.00113674i,0.0741443
0.0171842,-0.724066,-0.650778,-0.0607359,0.00687066+0.00173127i,0.0327158
0.0171842,-0.655107,-0.5888,-0.0607359,0.00654301+0.00227895i,0.0152769
0.0171842,-0.586148,-0.526821,-0.0607359,0.00622012+0.00279199i,0.00723682
0.0171842,-0.51719,-0.464842,-0.0607359,0.00590326+0.0032775i,0.00337968
0.0171842,-0.448231,-0.402863,-0.0607359,0.0055936+0.00373996i,0.00151496
0.0171842,-0.379272,-0.340884,-0.0607359,0.00529227+0.00418243i,0.000651172
0.0171842,-0.310314,-0.278905,-0.0607359,0.0050004+0.00460707i,0.000342614
0.0171842,-0.241355,-0.216926,-0.0607359,0.00471909+0.00501551i,0.000418513
0.0171842,-0.172397,-0.154947,-0.0607359,0.00444948+0.005409i,0.000858432
0.0171842,-0.103438,-0.0929684,-0.0607359,0.00419264+0.00578859i,0.00173081
0.0171842,-0.0344793,-0.0309895,-0.0607359,0.00394969+0.00615517i,0.00316193
0.0171842,0.0344793,0.0309895,-0.0607359,0.00372171+0.00650953i,0.00532144
0.0171842,0.103438,0.0929684,-0.0607359,0.00350978+0.00685241i,0.00841865
0.0171842,0.172397,0.154947,-0.0607359,0.00331494+0.00718455i,0.0127078
0.0171842,0.241355,0.216926,-0.0607359,0.00313823+0.00750666i,0.0185034
0.0171842,0.310314,0.278905,-0.0607359,0.00298068+0.00781949i,0.0262104
0.0171842,0.379272,0.340884,-0.0607359,0.00284328+0.00812377i,0.0363769
0.0171842,0.448231,0.402863,-0.0607359,0.002727+0.0084203i,0.049792
0.0171842,0.51719,0.464842,-0.0607359,0.00263276+0.00870988i,0.0676686
0.0171842,0.586148,0.526821,-0.0607359,0.00256147+0.00899329i,0.0920177
0.0171842,0.655107,0.5888,-0.0607359,0.00251397+0.00927122i,0.126488
0.0171842,0.724066,0.650778,-0.0607359,0.00249103+0.00954409i,0.178531
0.0171842,0.793024,0.712757,-0.0607359,0.00249325+0.00981149i,0.26621
0.0171842,0.861983,0.774736,-0.0607359,0.0025208+0.0100705i,0.447701
0.0171842,0.930941,0.836715,-0.0607359,0.00257224+0.0103084i,1.0645
0.0171842,0.9999,0.898694,-0.0607359,0.00262011+0.0103364i,-2.07419e+08
0.0204211,-0.9999,-0.901554,-0.0721762,0.0103076-0.00194664i,3.15646e+09
0.0204211,-0.930941,-0.839378,-0.0721762,0.00995904-0.000244213i,1.26681
0.0204211,-0.861983,-0.777202,-0.0721762,0.00957329+0.000633607i,0.277327
0.0204211,-0.793024,-0.715025,-0.0721762,0.00918809+0.00136365i,0.1036
0.0204211,-0.724066,-0.652849,-0.0721762,0.00880728+0.00201584i,0.0456151
0.0204211,-0.655107,-0.590673,-0.0721762,0.00843272+0.00261697i,0.0214755
0.0204211,-0.586148,-0.528497,-0.0721762,0.00806578+0.00318051i,0.0104081
0.0204211,-0.51719,-0.466321,-0.0721762,0.00770771+0.00371425i,0.00511515
0.0204211,-0.448231,-0.404145,-0.0721762,0.00735973+0.00422309i,0.00255563
0.0204211,-0.379272,-0.341969,-0.0721762,0.00702304+0.00471033i,0.00135108
0.0204211,-0.310314,-0.279793,-0.0721762,0.0066989+0.00517833i,0.000870731
0.0204211,-0.241355,-0.217616,-0.0721762,0.00638855+0.00562883i,0.000856313
0.0204211,-0.172397,-0.15544,-0.0721762,0.00609325+0.00606321i,0.00125059
0.0204211,-0.103438,-0.0932642,-0.0721762,0.0058143+0.00648259i,0.00211284
0.0204211,-0.0344793,-0.0310881,-0.0721762,0.00555297+0.00688795i,0.00357572
0.0204211,0.0344793,0.0310881,-0.0721762,0.00531057+0.00728017i,0.00582413
0.0204211,0.103438,0.0932642,-0.0721762,0.0050884+0.0076601i,0.00908781
0.0204211,0.172397,0.15544,-0.0721762,0.00488775+0.00802857i,0.0136449
0.0204211,0.241355,0.217616,-0.0721762,0.00470992+0.00838644i,0.019837
0.0204211,0.310314,0.279793,-0.0721762,0.0045562+0.00873458i,0.0281001
0.0204211,0.379272,0.341969,-0.0721762,0.00442789+0.00907393i,0.039021
0.0204211,0.448231,0.404145,-0.0721762,0.00432629+0.00940546i,0.053441
0.0204211,0.51719,0.466321,-0.0721762,0.00425268+0.00973021i,0.0726522
0.0204211,0.586148,0.528497,-0.0721762,0.00420836+0.0100492i,0.0987995
0.0204211,0.655107,0.590673,-0.0721762,0.00419464+0.0103635i,0.135786
0.0204211,0.724066,0.652849,-0.0721762,0.00421281+0.0106738i,0.191619
0.0204211,0.793024,0.715025,-0.0721762,0.00426416+0.0109802i,0.285845
0.0204211,0.861983,0.777202,-0.0721762,0.00434976+0.01128i,0.482202
0.0204211,0.930941,0.839378,-0.0721762,0.00446966+0.0115604i,1.16758
0.0204211,0.9999,0.901554,-0.0721762,0.00460365+0.0116208i,6.29283e+08
0.0236579,-0.9999,-0.904414,-0.0836165,0.0126693-0.00200001i,8.82436e+09
0.0236579,-0.930941,-0.84204,-0.0836165,0.0122537-0.000151181i,1.85978
0.0236579,-0.861983,-0.779667,-0.0836165,0.0118068+0.000797472i,0.38328
0.0236579,-0.793024,-0.717294,-0.0836165,0.0113646+0.00158612i,0.140175
0.0236579,-0.724066,-0.65492,-0.0836165,0.0109304+0.00229106i,0.0611356
0.0236579,-0.655107,-0.592547,-0.0836165,0.0105058+0.00294143i,0.0286618
0.0236579,-0.586148,-0.530174,-0.0836165,0.0100921+0.00355184i,0.0138862
0.0236579,-0.51719,-0.4678,-0.0836165,0.00969065+0.00413068i,0.00685529
0.0236579,-0.448231,-0.405427,-0.0836165,0.00930258+0.00468323i,0.0034652
0.0236579,-0.379272,-0.343053,-0.0836165,0.00892923+0.00521301i,0.00186111
0.0236579,-0.310314,-0.28068,-0.0836165,0.00857197+0.00572253i,0.00118759
0.0236579,-0.241355,-0.218307,-0.0836165,0.00823219+0.00621365i,0.00108163
0.0236579,-0.172397,-0.155933,-0.0836165,0.00791136+0.00668783i,0.00144274
0.0236579,-0.103438,-0.09356,-0.0836165,0.00761093+0.00714629i,0.00232004
0.0236579,-0.0344793,-0.0311867,-0.0836165,0.00733242+0.00759008i,0.00385442
0.0236579,0.0344793,0.0311867,-0.0836165,0.00707736+0.00802018i,0.0062493
0.0236579,0.103438,0.09356,-0.0836165,0.0068473+0.00843754i,0.00975894
0.0236579,0.172397,0.155933,-0.0836165,0.00664381+0.00884311i,0.0146898
0.0236579,0.241355,0.218307,-0.0836165,0.00646847+0.00923787i,0.0214154
0.0236579,0.310314,0.28068,-0.0836165,0.00632291+0.00962288i,0.0304082
0.0236579,0.379272,0.343053,-0.0836165,0.00620873+0.00999925i,0.0423004
0.0236579,0.448231,0.405427,-0.0836165,0.00612761+0.0103682i,0.0579945
0.0236579,0.51719,0.4678,-0.0836165,0.00608123+0.010731i,0.0788753
0.0236579,0.586148,0.530174,-0.0836165,0.00607135+0.0110891i,0.107244
0.0236579,0.655107,0.592547,-0.0836165,0.00609976+0.0114438i,0.147299
0.0236579,0.724066,0.65492,-0.0836165,0.00616838+0.0117964i,0.207686
0.0236579,0.793024,0.717294,-0.0836165,0.00627921+0.0121474i,0.309641
0.0236579,0.861983,0.779667,-0.0836165,0.00643429+0.0124949i,0.523198
0.0236579,0.930941,0.84204,-0.0836165,0.00663524+0.0128267i,1.28788
0.0236579,0.9999,0.904414,-0.0836165,0.00686864+0.0129363i,2.15588e+09
0.0268947,-0.9999,-0.907273,-0.0950568,0.0152508-0.00203549i,1.96507e+10
0.0268947,-0.930941,-0.844703,-0.0950568,0.014763-5.20846e-05i,2.67326
0.0268947,-0.861983,-0.782132,-0.0950568,0.0142499+0.000960515i,0.519703
0.0268947,-0.793024,-0.719562,-0.0950568,0.0137461+0.00180214i,0.185725
0.0268947,-0.724066,-0.656991,-0.0950568,0.0132544+0.00255503i,0.0800076
0.0268947,-0.655107,-0.594421,-0.0950568,0.0127763+0.00325051i,0.0372015
0.0268947,-0.586148,-0.53185,-0.0950568,0.012313+0.0039042i,0.0179044
0.0268947,-0.51719,-0.469279,-0.0950568,0.0118656+0.00452506i,0.00878646
0.0268947,-0.448231,-0.406709,-0.0950568,0.0114354+0.00511867i,0.00441625
0.0268947,-0.379272,-0.344138,-0.0950568,0.0110239+0.00568876i,0.00235268
0.0268947,-0.310314,-0.281568,-0.0950568,0.0106326+0.00623798i,0.00146718
0.0268947,-0.241355,-0.218997,-0.0950568,0.0102631+0.00676827i,0.0012708
0.0268947,-0.172397,-0.156426,-0.0950568,0.0099169+0.00728118i,0.00161168
0.0268947,-0.103438,-0.0938559,-0.0950568,0.00959579+0.00777801i,0.00252725
0.0268947,-0.0344793,-0.0312853,-0.0950568,0.00930152+0.00825988i,0.00416829
0.0268947,0.0344793,0.0312853,-0.0950568,0.00903587+0.00872786i,0.00676006
0.0268947,0.103438,0.0938559,-0.0950568,0.00880069+0.00918302i,0.0105852
0.0268947,0.172397,0.156426,-0.0950568,0.00859783+0.00962643i,0.0159827
0.0268947,0.241355,0.218997,-0.0950568,0.00842921+0.0100592i,0.0233618
0.0268947,0.310314,0.281568,-0.0950568,0.0082968+0.0104827i,0.0332359
0.0268947,0.379272,0.344138,-0.0950568,0.0082026+0.0108981i,0.0462865
0.0268947,0.448231,0.406709,-0.0950568,0.00814867+0.0113069i,0.0634828
0.0268947,0.51719,0.469279,-0.0950568,0.00813715+0.0117108i,0.0863096
0.0268947,0.586148,0.53185,-0.0950568,0.00817029+0.0121114i,0.117236
0.0268947,0.655107,0.594421,-0.0950568,0.00825046+0.0125108i,0.160776
0.0268947,0.724066,0.656991,-0.0950568,0.00838022+0.0129106i,0.226257
0.0268947,0.793024,0.719562,-0.0950568,0.00856237+0.0133121i,0.336707
0.0268947,0.861983,0.782132,-0.0950568,0.00880002+0.0137145i,0.568874
0.0268947,0.930941,0.844703,-0.0950568,0.00909639+0.0141069i,1.42125
0.0268947,0.9999,0.907273,-0.0950568,0.00944456+0.0142834i,4.70687e+09
0.0301316,-0.9999,-0.910133,-0.106497,0.0180703-0.00205527i,3.84712e+10
0.0301316,-0.930941,-0.847365,-0.106497,0.0175041+5.1059e-05i,3.77361
0.0301316,-0.861983,-0.784598,-0.106497,0.0169191+0.00112061i,0.694627
0.0301316,-0.793024,-0.72183,-0.106497,0.0163486+0.00200944i,0.242465
0.0301316,-0.724066,-0.659062,-0.106497,0.0157951+0.00280534i,0.103051
0.0301316,-0.655107,-0.596294,-0.106497,0.0152596+0.00354163i,0.0474517
0.0301316,-0.586148,-0.533526,-0.106497,0.0147432+0.00423489i,0.0226422
0.0301316,-0.51719,-0.470759,-0.106497,0.0142471+0.00489453i,0.0110168
0.0301316,-0.448231,-0.407991,-0.106497,0.0137727+0.00552643i,0.00548879
0.0301316,-0.379272,-0.345223,-0.106497,0.0133215+0.0061345i,0.00289594
0.0301316,-0.310314,-0.282455,-0.106497,0.0128952+0.00672146i,0.00177721
0.0301316,-0.241355,-0.219687,-0.106497,0.0124955+0.00728937i,0.00149181
0.0301316,-0.172397,-0.15692,-0.106497,0.0121243+0.00783984i,0.00182641
0.0301316,-0.103438,-0.0941517,-0.106497,0.0117835+0.00837422i,0.00280445
0.0301316,-0.0344793,-0.0313839,-0.106497,0.0114752+0.00889374i,0.0045882
0.0301316,0.0344793,0.0313839,-0.106497,0.0112014+0.00939955i,0.00742805
0.0301316,0.103438,0.0941517,-0.106497,0.0109643+0.00989283i,0.011639
0.0301316,0.172397,0.15692,-0.106497,0.0107661+0.0103748i,0.0175961
0.0301316,0.241355,0.219687,-0.106497,0.0106092+0.0108468i,0.0257482
0.0301316,0.310314,0.282455,-0.106497,0.0104957+0.0113102i,0.0366522
0.0301316,0.379272,0.345223,-0.106497,0.0104282+0.0117666i,0.0510416
0.0301316,0.448231,0.407991,-0.106497,0.0104092+0.0122178i,0.0699542
0.0301316,0.51719,0.470759,-0.106497,0.0104412+0.0126658i,0.0949771
0.0301316,0.586148,0.533526,-0.106497,0.0105273+0.0131128i,0.12875
0.0301316,0.655107,0.596294,-0.106497,0.0106702+0.0135611i,0.176106
0.0301316,0.724066,0.659062,-0.106497,0.0108733+0.0140134i,0.247062
0.0301316,0.793024,0.72183,-0.106497,0.0111403+0.0144717i,0.366451
0.0301316,0.861983,0.784598,-0.106497,0.0114753+0.0149366i,0.617888
0.0301316,0.930941,0.847365,-0.106497,0.0118835+0.0153995i,1.56481
0.0301316,0.9999,0.910133,-0.106497,0.0123639+0.0156616i,8.76341e+09
0.0333684,-0.9999,-0.912993,-0.117937,0.0211468-0.00206088i,6.91083e+10
0.0333684,-0.930941,-0.850028,-0.117937,0.0204955+0.000156407i,5.24233
0.0333684,-0.861983,-0.787063,-0.117937,0.0198323+0.00127555i,0.917802
0.0333684,-0.793024,-0.724098,-0.117937,0.0191896+0.00220547i,0.313055
0.0333684,-0.724066,-0.661133,-0.117937,0.0185692+0.0030391i,0.131229
0.0333684,-0.655107,-0.598168,-0.117937,0.017972+0.00381162i,0.0598088
0.0333684,-0.586148,-0.535203,-0.117937,0.0173989+0.00454042i,0.0282771
0.0333684,-0.51719,-0.472238,-0.117937,0.0168511+0.00523535i,0.013633
0.0333684,-0.448231,-0.409273,-0.117937,0.0163301+0.00590253i,0.00673223
0.0333684,-0.379272,-0.346308,-0.117937,0.0158376+0.00654598i,0.0035258
0.0333684,-0.310314,-0.283343,-0.117937,0.0153752+0.00716854i,0.00214808
0.0333684,-0.241355,-0.220378,-0.117937,0.0149451+0.00777232i,0.00177485
0.0333684,-0.172397,-0.157413,-0.117937,0.0145494+0.00835898i,0.00211888
0.0333684,-0.103438,-0.0944476,-0.117937,0.0141901+0.00892995i,0.0031865
0.0333684,-0.0344793,-0.0314825,-0.117937,0.0138698+0.00948654i,0.00515287
0.0333684,0.0344793,0.0314825,-0.117937,0.0135908+0.01003i,0.00829686
0.0333684,0.103438,0.0944476,-0.117937,0.0133556+0.0105616i,0.0129697
0.0333684,0.172397,0.157413,-0.117937,0.0131667+0.0110828i,0.0195865
0.0333684,0.241355,0.220378,-0.117937,0.013027+0.0115951i,0.0286382
0.0333684,0.310314,0.283343,-0.117937,0.0129392+0.0121i,0.0407273
0.0333684,0.379272,0.346308,-0.117937,0.0129061+0.0125995i,0.0566398
0.0333684,0.448231,0.409273,-0.117937,0.0129308+0.0130957i,0.0774813
0.0333684,0.51719,0.472238,-0.117937,0.0130165+0.013591i,0.104938
0.0333684,0.586148,0.535203,-0.117937,0.0131666+0.0140881i,0.141815
0.0333684,0.655107,0.598168,-0.117937,0.0133847+0.0145901i,0.193252
0.0333684,0.724066,0.661133,-0.117937,0.0136751+0.0151003i,0.269923
0.0333684,0.793024,0.724098,-0.117937,0.0140422+0.0156221i,0.398395
0.0333684,0.861983,0.787063,-0.117937,0.0144915+0.0161577i,0.669034
0.0333684,0.930941,0.850028,-0.117937,0.0150299+0.0167015i,1.71657
0.0333684,0.9999,0.912993,-0.117937,0.0156626+0.0170694i,1.50155e+10
0.0366053,-0.9999,-0.915853,-0.129378,0.0245012-0.00205349i,1.16601e+11
0.0366053,-0.930941,-0.852691,-0.129378,0.0237572+0.000262171i,7.17885
0.0366053,-0.861983,-0.789528,-0.129378,0.0230087+0.001423i,1.20101
0.0366053,-0.793024,-0.726366,-0.129378,0.0222876+0.00238737i,0.400692
0.0366053,-0.724066,-0.663204,-0.129378,0.0215948+0.00325298i,0.165689
0.0366053,-0.655107,-0.600042,-0.129378,0.0209312+0.00405668i,0.0747382
0.0366053,-0.586148,-0.536879,-0.129378,0.0202974+0.00481659i,0.0350094
0.0366053,-0.51719,-0.473717,-0.129378,0.0196947+0.00554294i,0.0167255
0.0366053,-0.448231,-0.410555,-0.129378,0.0191246+0.00624202i,0.00819047
0.0366053,-0.379272,-0.347392,-0.129378,0.0185889+0.00691796i,0.00426773
0.0366053,-0.310314,-0.28423,-0.129378,0.0180895+0.00757365i,0.00259923
0.0366053,-0.241355,-0.221068,-0.129378,0.0176288+0.00821127i,0.00213898
0.0366053,-0.172397,-0.157906,-0.129378,0.0172092+0.00883252i,0.00251057
0.0366053,-0.103438,-0.0947434,-0.129378,0.016833+0.00943891i,0.00369912
0.0366053,-0.0344793,-0.0315811,-0.129378,0.0165031+0.0100318i,0.00589392
0.0366053,0.0344793,0.0315811,-0.129378,0.0162222+0.0106126i,0.00940579
0.0366053,0.103438,0.0947434,-0.129378,0.0159933+0.0111827i,0.0146262
0.0366053,0.172397,0.157906,-0.129378,0.0158192+0.0117437i,0.0220138
0.0366053,0.241355,0.221068,-0.129378,0.0157033+0.0122972i,0.032104
0.0366053,0.310314,0.28423,-0.129378,0.0156487+0.0128452i,0.0455455
0.0366053,0.379272,0.347392,-0.129378,0.0156589+0.0133899i,0.0631756
0.0366053,0.448231,0.410555,-0.129378,0.0157374+0.0139338i,0.0861633
0.0366053,0.51719,0.473717,-0.129378,0.0158881+0.0144797i,0.116286
0.0366053,0.586148,0.536879,-0.129378,0.016115+0.0150311i,0.156497
0.0366053,0.655107,0.600042,-0.129378,0.0164226+0.0155916i,0.212213
0.0366053,0.724066,0.663204,-0.129378,0.0168158+0.0161656i,0.294698
0.0366053,0.793024,0.726366,-0.129378,0.0173004+0.016758i,0.432079
0.0366053,0.861983,0.789528,-0.129378,0.017883+0.0173731i,0.721103
0.0366053,0.930941,0.852691,-0.129378,0.0185725+0.0180093i,1.87547
0.0366053,0.9999,0.915853,-0.129378,0.0193798+0.0185048i,2.44474e+10
0.0398421,-0.9999,-0.918713,-0.140818,0.0281555-0.00203394i,1.87479e+11
0.0398421,-0.930941,-0.855353,-0.140818,0.0273104+0.000366536i,9.70377
0.0398421,-0.861983,-0.791994,-0.140818,0.026469+0.00156038i,1.55845
0.0398421,-0.793024,-0.728634,-0.140818,0.0256626+0.0025519i,0.509207
0.0398421,-0.724066,-0.665275,-0.140818,0.0248916+0.00344314i,0.207802
0.0398421,-0.655107,-0.601915,-0.140818,0.0241563+0.00427243i,0.0927956
0.0398421,-0.586148,-0.538556,-0.140818,0.0234575+0.00505851i,0.0430769
0.0398421,-0.51719,-0.475196,-0.140818,0.0227963+0.00581192i,0.0203994
0.0398421,-0.448231,-0.411837,-0.140818,0.0221744+0.00653907i,0.00991293
0.0398421,-0.379272,-0.348477,-0.140818,0.0215937+0.00724418i,0.00514854
0.0398421,-0.310314,-0.285118,-0.140818,0.0210564+0.00793018i,0.00314985
0.0398421,-0.241355,-0.221758,-0.140818,0.020565+0.00859927i,0.00260276
0.0398421,-0.172397,-0.158399,-0.140818,0.0201223+0.00925322i,0.00302307
0.0398421,-0.103438,-0.0950392,-0.140818,0.0197311+0.00989357i,0.00436939
0.0398421,-0.0344793,-0.0316797,-0.140818,0.0193945+0.0105218i,0.00684612
0.0398421,0.0344793,0.0316797,-0.140818,0.0191157+0.0111394i,0.0107997
0.0398421,0.103438,0.0950392,-0.140818,0.0188981+0.0117479i,0.0166658
0.0398421,0.172397,0.158399,-0.140818,0.0187451+0.0123491i,0.0249499
0.0398421,0.241355,0.221758,-0.140818,0.0186604+0.0129449i,0.0362338
0.0398421,0.310314,0.285118,-0.140818,0.0186477+0.0135375i,0.0512115
0.0398421,0.379272,0.348477,-0.140818,0.0187112+0.0141295i,0.0707679
0.0398421,0.448231,0.411837,-0.140818,0.018855+0.0147238i,0.0961275
0.0398421,0.51719,0.475196,-0.140818,0.0190836+0.0153239i,0.129144
0.0398421,0.586148,0.538556,-0.140818,0.0194018+0.0159337i,0.172893
0.0398421,0.655107,0.601915,-0.140818,0.0198148+0.016558i,0.233015
0.0398421,0.724066,0.665275,-0.140818,0.0203287+0.0172023i,0.321251
0.0398421,0.793024,0.728634,-0.140818,0.0209502+0.017873i,0.467014
0.0398421,0.861983,0.791994,-0.140818,0.0216876+0.018577i,0.772813
0.0398421,0.930941,0.855353,-0.140818,0.0225515+0.019318i,2.04195
0.0398421,0.9999,0.918713,-0.140818,0.023559+0.0199648i,3.84525e+10
0.0430789,-0.9999,-0.921572,-0.152258,0.0321338-0.00200294i,2.90081e+11
0.0430789,-0.930941,-0.858016,-0.152258,0.0311781+0.000467605i,12.9626
0.0430789,-0.861983,-0.794459,-0.152258,0.0302354+0.00168492i,2.00712
0.0430789,-0.793024,-0.730902,-0.152258,0.0293362+0.00269548i,0.643188
0.0430789,-0.724066,-0.667346,-0.152258,0.0284804+0.00360525i,0.259213
0.0430789,-0.655107,-0.603789,-0.152258,0.0276679+0.00445385i,0.114647
0.0430789,-0.586148,-0.540232,-0.152258,0.0268993+0.00526054i,0.0527666
0.0430789,-0.51719,-0.476675,-0.152258,0.0261759+0.00603606i,0.0247832
0.0430789,-0.448231,-0.413119,-0.152258,0.0254992+0.00678694i,0.0119605
0.0430789,-0.379272,-0.349562,-0.152258,0.0248716+0.00751742i,0.00620157
0.0430789,-0.310314,-0.286005,-0.152258,0.0242953+0.00823045i,0.00382385
0.0430789,-0.241355,-0.222449,-0.152258,0.0237734+0.00892825i,0.0031892
0.0430789,-0.172397,-0.158892,-0.152258,0.0233088+0.00961262i,0.00368298
0.0430789,-0.103438,-0.0953351,-0.152258,0.0229048+0.0102852i,0.0052306
0.0430789,-0.0344793,-0.0317784,-0.152258,0.0225649+0.0109474i,0.00805229
0.0430789,0.0344793,0.0317784,-0.152258,0.0222928+0.0116011i,0.0125337
0.0430789,0.103438,0.0953351,-0.152258,0.0220924+0.0122478i,0.0191591
0.0430789,0.172397,0.158892,-0.152258,0.0219675+0.0128895i,0.0284836
0.0430789,0.241355,0.222449,-0.152258,0.0219226+0.0135284i,0.0411361
0.0430789,0.310314,0.286005,-0.152258,0.0219619+0.0141672i,0.0578541
0.0430789,0.379272,0.349562,-0.152258,0.0220901+0.0148086i,0.0795634
0.0430789,0.448231,0.413119,-0.152258,0.0223121+0.0154563i,0.107531
0.0430789,0.51719,0.476675,-0.152258,0.0226332+0.0161142i,0.143666
0.0430789,0.586148,0.540232,-0.152258,0.023059+0.0167871i,0.191125
0.0430789,0.655107,0.603789,-0.152258,0.0235956+0.0174807i,0.255698
0.0430789,0.724066,0.667346,-0.152258,0.0242501+0.018202i,0.349438
0.0430789,0.793024,0.730902,-0.152258,0.0250305+0.0189593i,0.502653
0.0430789,0.861983,0.794459,-0.152258,0.0259466+0.0197626i,0.822795
0.0430789,0.930941,0.858016,-0.152258,0.0270114+0.0206219i,2.21884
0.0430789,0.9999,0.921572,-0.152258,0.0282473+0.0214461i,5.89868e+10
0.0463158,-0.9999,-0.924432,-0.163699,0.0364617-0.00196105i,4.3493e+11
0.0463158,-0.930941,-0.860678,-0.163699,0.0353851+0.00056335i,17.1302
0.0463158,-0.861983,-0.796924,-0.163699,0.0343317+0.00179352i,2.5674
0.0463158,-0.793024,-0.73317,-0.163699,0.0333315+0.00281408i,0.808109
0.0463158,-0.724066,-0.669416,-0.163699,0.0323838+0.00373443i,0.321882
0.0463158,-0.655107,-0.605662,-0.163699,0.031488+0.00459527i,0.141091
0.0463158,-0.586148,-0.541909,-0.163699,0.0306445+0.00541627i,0.0644248
0.0463158,-0.51719,-0.478155,-0.163699,0.0298547+0.00620831i,0.0300341
0.0463158,-0.448231,-0.414401,-0.163699,0.0291203+0.00697794i,0.0144095
0.0463158,-0.379272,-0.350647,-0.163699,0.0284437+0.00772942i,0.00747003
0.0463158,-0.310314,-0.286893,-0.163699,0.0278277+0.00846568i,0.00465281
0.0463158,-0.241355,-0.223139,-0.163699,0.0272755+0.00918894i,0.00392851
0.0463158,-0.172397,-0.159385,-0.163699,0.0267904+0.00990103i,0.00452471
0.0463158,-0.103438,-0.0956309,-0.163699,0.0263763+0.0106036i,0.0063252
0.0463158,-0.0344793,-0.031877,-0.163699,0.0260371+0.0112984i,0.00956634
0.0463158,0.0344793,0.031877,-0.163699,0.025777+0.011987i,0.0146768
0.0463158,0.103438,0.0956309,-0.163699,0.0256004+0.0126714i,0.0221934
0.0463158,0.172397,0.159385,-0.163699,0.025512+0.0133538i,0.0327238
0.0463158,0.241355,0.223139,-0.163699,0.0255164+0.0140367i,0.0469439
0.0463158,0.310314,0.286893,-0.163699,0.025619+0.014723i,0.0656305
0.0463158,0.379272,0.350647,-0.163699,0.0258249+0.0154162i,0.0897401
0.0463158,0.448231,0.414401,-0.163699,0.0261399+0.0161201i,0.120566
0.0463158,0.51719,0.478155,-0.163699,0.0265699+0.0168397i,0.160037
0.0463158,0.586148,0.541909,-0.163699,0.0271217+0.0175805i,0.211341
0.0463158,0.655107,0.605662,-0.163699,0.0278022+0.0183495i,0.28031
0.0463158,0.724066,0.669416,-0.163699,0.0286198+0.0191552i,0.379092
0.0463158,0.793024,0.73317,-0.163699,0.0295838+0.020008i,0.538378
0.0463158,0.861983,0.796924,-0.163699,0.0307056+0.0209219i,0.869619
0.0463158,0.930941,0.860678,-0.163699,0.0320005+0.0219141i,2.41273
0.0463158,0.9999,0.924432,-0.163699,0.0334969+0.0229442i,8.87716e+10
0.0495526,-0.9999,-0.927292,-0.175139,0.0411668-0.00190876i,6.35173e+11
0.0495526,-0.930941,-0.863341,-0.175139,0.039958+0.000651577i,22.4157
0.0495526,-0.861983,-0.79939,-0.175139,0.0387838+0.00188276i,3.26353
0.0495526,-0.793024,-0.735438,-0.175139,0.0376737+0.0029032i,1.01049
0.0495526,-0.724066,-0.671487,-0.175139,0.0366261+0.0038252i,0.398147
0.0495526,-0.655107,-0.607536,-0.175139,0.0356403+0.00469031i,0.173083
0.0495526,-0.586148,-0.543585,-0.175139,0.0347165+0.00551848i,0.0784697
0.0495526,-0.51719,-0.479634,-0.175139,0.0338559+0.00632066i,0.0363447
0.0495526,-0.448231,-0.415683,-0.175139,0.0330605+0.00710337i,0.017356
0.0495526,-0.379272,-0.351731,-0.175139,0.032333+0.00787082i,0.00900977
0.0495526,-0.310314,-0.28778,-0.175139,0.0316764+0.00862591i,0.00567825
0.0495526,-0.241355,-0.223829,-0.175139,0.0310943+0.00937084i,0.0048603
0.0495526,-0.172397,-0.159878,-0.175139,0.0305906+0.0101075i,0.00559273
0.0495526,-0.103438,-0.0959268,-0.175139,0.0301696+0.0108375i,0.00770718
0.0495526,-0.0344793,-0.0319756,-0.175139,0.0298357+0.0115627i,0.011456
0.0495526,0.0344793,0.0319756,-0.175139,0.0295937+0.012285i,0.0173145
0.0495526,0.103438,0.0959268,-0.175139,0.0294487+0.0130064i,0.0258765
0.0495526,0.172397,0.159878,-0.175139,0.0294059+0.0137295i,0.0378042
0.0495526,0.241355,0.223829,-0.175139,0.0294708+0.014457i,0.0538192
0.0495526,0.310314,0.28778,-0.175139,0.0296494+0.0151923i,0.0747305
0.0495526,0.379272,0.351731,-0.175139,0.0299476+0.0159394i,0.101512
0.0495526,0.448231,0.415683,-0.175139,0.0303721+0.0167028i,0.135458
0.0495526,0.51719,0.479634,-0.175139,0.0309297+0.0174881i,0.178479
0.0495526,0.586148,0.543585,-0.175139,0.0316281+0.0183021i,0.233716
0.0495526,0.655107,0.607536,-0.175139,0.0324755+0.0191529i,0.306911
0.0495526,0.724066,0.671487,-0.175139,0.0334813+0.0200508i,0.41002
0.0495526,0.793024,0.735438,-0.175139,0.0346564+0.021009i,0.573488
0.0495526,0.861983,0.79939,-0.175139,0.0360141+0.0220456i,0.911856
0.0495526,0.930941,0.863341,-0.175139,0.0375723+0.0231869i,2.63596
0.0495526,0.9999,0.927292,-0.175139,0.0393647+0.0244541i,1.31557e+11
0.0527895,-0.9999,-0.930152,-0.186579,0.0462792-0.00184652i,9.07091e+11
0.0527895,-0.930941,-0.866003,-0.186579,0.0449255+0.000729888i,29.0684
0.0527895,-0.861983,-0.801855,-0.186579,0.0436193+0.00194888i,4.12438
0.0527895,-0.793024,-0.737707,-0.186579,0.0423894+0.00295784i,1.25807
0.0527895,-0.724066,-0.673558,-0.186579,0.0412336+0.00387143i,0.490791
0.0527895,-0.655107,-0.60941,-0.186579,0.0401505+0.00473182i,0.211764
0.0527895,-0.586148,-0.545261,-0.186579,0.0391403+0.00555909i,0.0954042
0.0527895,-0.51719,-0.481113,-0.186579,0.0382043+0.00636415i,0.04395
0.0527895,-0.448231,-0.416965,-0.186579,0.0373445+0.00715344i,0.0209197
0.0527895,-0.379272,-0.352816,-0.186579,0.0365639+0.00793109i,0.0108922
0.0527895,-0.310314,-0.288668,-0.186579,0.035866+0.00869993i,0.00695403
0.0527895,-0.241355,-0.224519,-0.186579,0.0352548+0.00946214i,0.00603577
0.0527895,-0.172397,-0.160371,-0.186579,0.0347347+0.0102196i,0.00694376
0.0527895,-0.103438,-0.0962226,-0.186579,0.0343104+0.010974i,0.00944449
0.0527895,-0.0344793,-0.0320742,-0.186579,0.0339872+0.0117273i,0.0138055
0.0527895,0.0344793,0.0320742,-0.186579,0.0337704+0.0124815i,0.0205526
0.0527895,0.103438,0.0962226,-0.186579,0.0336657+0.013239i,0.0303403
0.0527895,0.172397,0.160371,-0.186579,0.0336791+0.0140024i,0.0438871
0.0527895,0.241355,0.224519,-0.186579,0.0338171+0.0147751i,0.0619572
0.0527895,0.310314,0.288668,-0.186579,0.0340861+0.0155608i,0.0853826
0.0527895,0.379272,0.352816,-0.186579,0.0344932+0.016364i,0.115136
0.0527895,0.448231,0.416965,-0.186579,0.0350458+0.0171901i,0.152479
0.0527895,0.51719,0.481113,-0.186579,0.0357519+0.0180455i,0.199252
0.0527895,0.586148,0.545261,-0.186579,0.0366201+0.0189382i,0.258456
0.0527895,0.655107,0.60941,-0.186579,0.03766+0.0198777i,0.335564
0.0527895,0.724066,0.673558,-0.186579,0.0388823+0.0208764i,0.441994
0.0527895,0.793024,0.737707,-0.186579,0.0402994+0.0219507i,0.607202
0.0527895,0.861983,0.801855,-0.186579,0.0419268+0.0231233i,0.948191
0.0527895,0.930941,0.866003,-0.186579,0.0437848+0.0244312i,2.90929
0.0527895,0.9999,0.930152,-0.186579,0.0459132+0.0259697i,1.92462e+11
0.0560263,-0.9999,-0.933012,-0.198019,0.0518308-0.00177476i,1.27069e+12
0.0560263,-0.930941,-0.868666,-0.198019,0.0503186+0.000795648i,37.3845
0.0560263,-0.861983,-0.80432,-0.198019,0.048868+0.00198767i,5.18416
0.0560263,-0.793024,-0.739975,-0.198019,0.0475077+0.00297241i,1.56004
0.0560263,-0.724066,-0.675629,-0.198019,0.0462344+0.00386629i,0.603113
0.0560263,-0.655107,-0.611283,-0.198019,0.0450462+0.00471182i,0.258492
0.0560263,-0.586148,-0.546938,-0.198019,0.0439431+0.00552904i,0.115832
0.0560263,-0.51719,-0.482592,-0.198019,0.0429265+0.00632873i,0.0531361
0.0560263,-0.448231,-0.418247,-0.198019,0.0419987+0.0071172i,0.0252491
0.0560263,-0.379272,-0.353901,-0.198019,0.041163+0.00789844i,0.0132077
0.0560263,-0.310314,-0.289555,-0.198019,0.0404232+0.00867518i,0.00854899
0.0560263,-0.241355,-0.22521,-0.198019,0.0397839+0.00944956i,0.00752013
0.0560263,-0.172397,-0.160864,-0.198019,0.03925+0.0102234i,0.00864931
0.0560263,-0.103438,-0.0965184,-0.198019,0.0388269+0.0109986i,0.0116219
0.0560263,-0.0344793,-0.0321728,-0.198019,0.0385205+0.0117771i,0.0167189
0.0560263,0.0344793,0.0321728,-0.198019,0.0383369+0.0125611i,0.0245204
0.0560263,0.103438,0.0965184,-0.198019,0.0382825+0.0133533i,0.0357453
0.0560263,0.172397,0.160864,-0.198019,0.0383642+0.0141566i,0.051169
0.0560263,0.241355,0.22521,-0.198019,0.0385892+0.0149748i,0.0715933
0.0560263,0.310314,0.289555,-0.198019,0.038965+0.0158121i,0.0978603
0.0560263,0.379272,0.353901,-0.198019,0.0394995+0.0166738i,0.130917
0.0560263,0.448231,0.418247,-0.198019,0.0402013+0.017566i,0.171952
0.0560263,0.51719,0.482592,-0.198019,0.0410793+0.0184961i,0.222663
0.0560263,0.586148,0.546938,-0.198019,0.0421434+0.0194734i,0.285797
0.0560263,0.655107,0.611283,-0.198019,0.0434045+0.0205091i,0.366344
0.0560263,0.724066,0.675629,-0.198019,0.0448748+0.0216181i,0.474756
0.0560263,0.793024,0.739975,-0.198019,0.0465685+0.0228198i,0.638668
0.0560263,0.861983,0.80432,-0.198019,0.0485031+0.024143i,0.977592
0.0560263,0.930941,0.868666,-0.198019,0.0507021+0.0256368i,3.26565
0.0560263,0.9999,0.933012,-0.198019,0.0532108+0.0274842i,2.78415e+11
0.0592632,-0.9999,-0.935871,-0.20946,0.0578565-0.0016939i,1.75039e+12
0.0592632,-0.930941,-0.871328,-0.20946,0.0561704+0.000845949i,47.7146
0.0592632,-0.861983,-0.806786,-0.20946,0.0545622+0.00199448i,6.48336
0.0592632,-0.793024,-0.742243,-0.20946,0.0530598+0.00294074i,1.92727
0.0592632,-0.724066,-0.6777,-0.20946,0.0516588+0.00380219i,0.739028
0.0592632,-0.655107,-0.613157,-0.20946,0.0503569+0.00462139i,0.314885
0.0592632,-0.586148,-0.548614,-0.20946,0.049154+0.00541822i,0.140477
0.0592632,-0.51719,-0.484071,-0.20946,0.0480515+0.00620321i,0.0642496
0.0592632,-0.448231,-0.419529,-0.20946,0.0470519+0.00698243i,0.0305269
0.0592632,-0.379272,-0.354986,-0.20946,0.0461589+0.0077597i,0.0160694
0.0592632,-0.310314,-0.290443,-0.20946,0.0453767+0.00853763i,0.0105501
0.0592632,-0.241355,-0.2259,-0.20946,0.0447106+0.00931829i,0.00939553
0.0592632,-0.172397,-0.161357,-0.20946,0.0441661+0.0101035i,0.0107987
0.0592632,-0.103438,-0.0968143,-0.20946,0.0437493+0.0108952i,0.0143443
0.0592632,-0.0344793,-0.0322714,-0.20946,0.0434668+0.0116955i,0.020324
0.0592632,0.0344793,0.0322714,-0.20946,0.0433256+0.0125067i,0.0293756
0.0592632,0.103438,0.0968143,-0.20946,0.0433328+0.0133318i,0.0422859
0.0592632,0.172397,0.161357,-0.20946,0.0434964+0.0141743i,0.0598867
0.0592632,0.241355,0.2259,-0.20946,0.0438243+0.0150381i,0.0830098
0.0592632,0.310314,0.290443,-0.20946,0.0443252+0.0159284i,0.11249
0.0592632,0.379272,0.354986,-0.20946,0.0450081+0.0168508i,0.149217
0.0592632,0.448231,0.419529,-0.20946,0.0458825+0.0178126i,0.194255
0.0592632,0.51719,0.484071,-0.20946,0.0469587+0.0188223i,0.249074
0.0592632,0.586148,0.548614,-0.20946,0.0482478+0.0198905i,0.316019
0.0592632,0.655107,0.613157,-0.20946,0.0497622+0.0210306i,0.399336
0.0592632,0.724066,0.6777,-0.20946,0.0515158+0.0222598i,0.508013
0.0592632,0.793024,0.742243,-0.20946,0.0535246+0.0236017i,0.666992
0.0592632,0.861983,0.806786,-0.20946,0.0558085+0.0250914i,0.999568
0.0592632,0.930941,0.871328,-0.20946,0.058394+0.026792i,3.75506
0.0592632,0.9999,0.935871,-0.20946,0.0613325+0.0289897i,3.98709e+11
0.0625,-0.9999,-0.938731,-0.2209,0.0643937-0.00160441i,2.37582e+12
0.0625,-0.930941,-0.873991,-0.2209,0.0625171+0.000877575i,60.4729
0.0625,-0.861983,-0.809251,-0.2209,0.0607366+0.00196416i,8.06983
0.0625,-0.793024,-0.744511,-0.2209,0.0590792+0.00285592i,2.3726
0.0625,-0.724066,-0.679771,-0.2209,0.0575395+0.00367066i,0.903166
0.0625,-0.655107,-0.615031,-0.2209,0.0561148+0.00445066i,0.382863
0.0625,-0.586148,-0.550291,-0.2209,0.0548045+0.00521541i,0.170204
0.0625,-0.51719,-0.485551,-0.2209,0.0536102+0.00597509i,0.0777094
0.0625,-0.448231,-0.420811,-0.2209,0.0525348+0.0067355i,0.0369776
0.0625,-0.379272,-0.35607,-0.2209,0.0515823+0.0075002i,0.0196182
0.0625,-0.310314,-0.29133,-0.2209,0.0507576+0.00827164i,0.0130664
0.0625,-0.241355,-0.22659,-0.2209,0.0500664+0.0090518i,0.0117646
0.0625,-0.172397,-0.16185,-0.2209,0.049515+0.00984251i,0.0135025
0.0625,-0.103438,-0.0971101,-0.2209,0.0491104+0.0106457i,0.0177404
0.0625,-0.0344793,-0.03237,-0.2209,0.0488599+0.0114637i,0.0247768
0.0625,0.0344793,0.03237,-0.2209,0.0487714+0.0122991i,0.0353098
0.0625,0.103438,0.0971101,-0.2209,0.0488531+0.0131551i,0.0501971
0.0625,0.172397,0.16185,-0.2209,0.0491138+0.0140355i,0.0703248
0.0625,0.241355,0.22659,-0.2209,0.0495627+0.014945i,0.0965448
0.0625,0.310314,0.29133,-0.2209,0.0502093+0.0158892i,0.129662
0.0625,0.379272,0.35607,-0.2209,0.0510639+0.0168748i,0.170468
0.0625,0.448231,0.420811,-0.2209,0.0521373+0.0179099i,0.219839
0.0625,0.51719,0.485551,-0.2209,0.0534411+0.0190043i,0.27891
0.0625,0.586148,0.550291,-0.2209,0.0549879+0.0201704i,0.349448
0.0625,0.655107,0.615031,-0.2209,0.0567915+0.0214235i,0.434644
0.0625,0.724066,0.679771,-0.2209,0.0588675+0.022784i,0.541452
0.0625,0.793024,0.744511,-0.2209,0.0612344+0.0242797i,0.691273
0.0625,0.861983,0.809251,-0.2209,0.0639142+0.0259533i,1.01452
0.0625,0.930941,0.873991,-0.2209,0.0669371+0.0278837i,4.4512
0.0625,0.9999,0.938731,-0.2209,0.0703605+0.030477i,5.65706e+11
