tau,z,PK,QQ,scattering_amp,|scattering_amp|2
0.001,-0.9999,-0.884395,-0.0035344,0.00472118+0.000814673i,-1.12456e+07
0.001,-0.930941,-0.823402,-0.0035344,0.00493739+0.000902369i,347.933
0.001,-0.861983,-0.76241,-0.0035344,0.00498069+0.000897489i,346.728
0.001,-0.793024,-0.701417,-0.0035344,0.00498594+0.000872763i,340.929
0.001,-0.724066,-0.640424,-0.0035344,0.0049661+0.000836473i,333.848
0.001,-0.655107,-0.579431,-0.0035344,0.00492586+0.000792135i,326.146
0.001,-0.586148,-0.518439,-0.0035344,0.00486746+0.000741757i,318.038
0.001,-0.51719,-0.457446,-0.0035344,0.00479216+0.000686696i,309.618
0.001,-0.448231,-0.396453,-0.0035344,0.00470073+0.000627976i,300.937
0.001,-0.379272,-0.33546,-0.0035344,0.0045937+0.000566432i,292.03
0.001,-0.310314,-0.274467,-0.0035344,0.00447147+0.000502784i,282.924
0.001,-0.241355,-0.213475,-0.0035344,0.00433435+0.00043768i,273.642
0.001,-0.172397,-0.152482,-0.0035344,0.00418263+0.000371718i,264.209
0.001,-0.103438,-0.0914892,-0.0035344,0.00401655+0.00030546i,254.647
0.001,-0.0344793,-0.0304964,-0.0035344,0.00383636+0.000239445i,244.98
0.001,0.0344793,0.0304964,-0.0035344,0.0036423+0.000174189i,235.233
0.001,0.103438,0.0914892,-0.0035344,0.00343458+0.000110189i,225.433
0.001,0.172397,0.152482,-0.0035344,0.00321342+4.79285e-05i,215.606
0.001,0.241355,0.213475,-0.0035344,0.00297902-1.21268e-05i,205.784
0.001,0.310314,0.274467,-0.0035344,0.00273153-6.95265e-05i,196.002
0.001,0.379272,0.33546,-0.0035344,0.00247103-0.000123835i,186.299
0.001,0.448231,0.396453,-0.0035344,0.00219751-0.000174632i,176.72
0.001,0.51719,0.457446,-0.0035344,0.00191079-0.000221502i,167.324
0.001,0.586148,0.518439,-0.0035344,0.00161037-0.00026403i,158.187
0.001,0.655107,0.579431,-0.0035344,0.0012953-0.000301767i,149.424
0.001,0.724066,0.640424,-0.0035344,0.000963733-0.000334174i,141.231
0.001,0.793024,0.701417,-0.0035344,0.000612103-0.000360479i,134.023
0.001,0.861983,0.76241,-0.0035344,0.000232824-0.000379272i,128.977
0.001,0.930941,0.823402,-0.0035344,-0.000194434-0.000386969i,131.942
0.001,0.9999,0.884395,-0.0035344,-0.000865287-0.000351209i,-1.12149e+08
0.00423684,-0.9999,-0.887255,-0.0149747,0.00439632+0.00161938i,-5.20371e+07
0.00423684,-0.930941,-0.826065,-0.0149747,0.00464467+0.00196257i,0.635487
0.00423684,-0.861983,-0.764875,-0.0149747,0.00473803+0.00207053i,0.5364
0.00423684,-0.793024,-0.703685,-0.0149747,0.00479444+0.00212681i,0.485797
0.00423684,-0.724066,-0.642495,-0.0149747,0.0048248+0.00215133i,0.444682
0.00423684,-0.655107,-0.581305,-0.0149747,0.00483287+0.00215209i,0.408143
0.00423684,-0.586148,-0.520115,-0.0149747,0.00482029+0.00213335i,0.375058
0.00423684,-0.51719,-0.458925,-0.0149747,0.0047879+0.00209775i,0.345126
0.00423684,-0.448231,-0.397735,-0.0149747,0.00473613+0.00204714i,0.318282
0.00423684,-0.379272,-0.336545,-0.0149747,0.00466525+0.00198289i,0.294531
0.00423684,-0.310314,-0.275355,-0.0149747,0.00457542+0.00190611i,0.273893
0.00423684,-0.241355,-0.214165,-0.0149747,0.00446678+0.00181777i,0.256385
0.00423684,-0.172397,-0.152975,-0.0149747,0.00433943+0.0017187i,0.242013
0.00423684,-0.103438,-0.091785,-0.0149747,0.00419352+0.00160971i,0.230776
0.00423684,-0.0344793,-0.030595,-0.0149747,0.00402918+0.00149155i,0.222672
0.00423684,0.0344793,0.030595,-0.0149747,0.00384659+0.00136498i,0.217711
0.00423684,0.103438,0.091785,-0.0149747,0.00364592+0.00123073i,0.215929
0.00423684,0.172397,0.152975,-0.0149747,0.00342739+0.00108958i,0.217418
0.00423684,0.241355,0.214165,-0.0149747,0.00319122+0.0009423i,0.222361
0.00423684,0.310314,0.275355,-0.0149747,0.00293764+0.000789712i,0.231088
0.00423684,0.379272,0.336545,-0.0149747,0.00266683+0.000632673i,0.244171
0.00423684,0.448231,0.397735,-0.0149747,0.00237895+0.000472105i,0.26258
0.00423684,0.51719,0.458925,-0.0149747,0.002074+0.000309017i,0.287966
0.00423684,0.586148,0.520115,-0.0149747,0.00175178+0.000144546i,0.323233
0.00423684,0.655107,0.581305,-0.0149747,0.0014117-1.99642e-05i,0.373767
0.00423684,0.724066,0.642495,-0.0149747,0.0010524-0.000182812i,0.450546
0.00423684,0.793024,0.703685,-0.0149747,0.000670982-0.00034161i,0.579509
0.00423684,0.861983,0.764875,-0.0149747,0.000260982-0.000492415i,0.839677
0.00423684,0.930941,0.826065,-0.0149747,-0.000195517-0.00062655i,1.63832
0.00423684,0.9999,0.887255,-0.0149747,-0.000873452-0.00067831i,-3.66501e+08
0.00747368,-0.9999,-0.890115,-0.026415,0.00410033+0.00206694i,-1.75694e+08
0.00747368,-0.930941,-0.828728,-0.026415,0.00439331+0.00254742i,0.209364
0.00747368,-0.861983,-0.76734,-0.026415,0.0045406+0.0027198i,0.0666561
0.00747368,-0.793024,-0.705953,-0.026415,0.00465063+0.00282356i,0.032505
0.00747368,-0.724066,-0.644566,-0.026415,0.00473307+0.00288456i,0.0181291
0.00747368,-0.655107,-0.583179,-0.026415,0.00479105+0.00291304i,0.0102457
0.00747368,-0.586148,-0.521791,-0.026415,0.0048258+0.00291439i,0.00515726
0.00747368,-0.51719,-0.460404,-0.026415,0.00483782+0.00289191i,0.00152891
0.00747368,-0.448231,-0.399017,-0.026415,0.00482727+0.00284782i,-0.0011796
0.00747368,-0.379272,-0.33763,-0.026415,0.00479417+0.00278376i,-0.00318578
0.00747368,-0.310314,-0.276243,-0.026415,0.00473846+0.00270104i,-0.00455782
0.00747368,-0.241355,-0.214855,-0.026415,0.00466009+0.00260076i,-0.00528711
0.00747368,-0.172397,-0.153468,-0.026415,0.004559+0.00248389i,-0.00532096
0.00747368,-0.103438,-0.0920808,-0.026415,0.00443516+0.00235135i,-0.00457727
0.00747368,-0.0344793,-0.0306936,-0.026415,0.0042886+0.002204i,-0.00294983
0.00747368,0.0344793,0.0306936,-0.026415,0.00411936+0.00204274i,-0.000307482
0.00747368,0.103438,0.0920808,-0.026415,0.00392757+0.00186844i,0.00351207
0.00747368,0.172397,0.153468,-0.026415,0.00371335+0.00168205i,0.00871437
0.00747368,0.241355,0.214855,-0.026415,0.00347692+0.00148454i,0.0155689
0.00747368,0.310314,0.276243,-0.026415,0.00321848+0.00127697i,0.0244434
0.00747368,0.379272,0.33763,-0.026415,0.00293827+0.00106048i,0.0358611
0.00747368,0.448231,0.399017,-0.026415,0.0026365+0.000836321i,0.0506024
0.00747368,0.51719,0.460404,-0.026415,0.00231331+0.000605927i,0.0698922
0.00747368,0.586148,0.521791,-0.026415,0.00196866+0.000370947i,0.0957767
0.00747368,0.655107,0.583179,-0.026415,0.00160218+0.000133386i,0.131957
0.00747368,0.724066,0.644566,-0.026415,0.00121284-0.000104171i,0.185891
0.00747368,0.793024,0.705953,-0.026415,0.000798232-0.000338057i,0.275232
0.00747368,0.861983,0.76734,-0.026415,0.00035265-0.000562217i,0.454389
0.00747368,0.930941,0.828728,-0.026415,-0.000140141-0.000763434i,1.01138
0.00747368,0.9999,0.890115,-0.026415,-0.000840962-0.000842076i,-5.70858e+08
0.0107105,-0.9999,-0.892975,-0.0378553,0.00381002+0.00236192i,-3.28767e+08
0.0107105,-0.930941,-0.83139,-0.0378553,0.00415948+0.00293157i,0.330426
0.0107105,-0.861983,-0.769806,-0.0378553,0.00436862+0.00315041i,0.0842458
0.0107105,-0.793024,-0.708221,-0.0378553,0.0045393+0.00329005i,0.0317194
0.0107105,-0.724066,-0.646637,-0.0378553,0.00468029+0.00337971i,0.0127796
0.0107105,-0.655107,-0.585052,-0.0378553,0.00479423+0.00343096i,0.00445292
0.0107105,-0.586148,-0.523468,-0.0378553,0.00488198+0.00344979i,0.000388041
0.0107105,-0.51719,-0.461883,-0.0378553,0.00494371+0.00343984i,-0.00173404
0.0107105,-0.448231,-0.400299,-0.0378553,0.00497931+0.00340354i,-0.00288331
0.0107105,-0.379272,-0.338714,-0.0378553,0.00498854+0.00334267i,-0.00348187
0.0107105,-0.310314,-0.27713,-0.0378553,0.00497111+0.00325861i,-0.00369737
0.0107105,-0.241355,-0.215546,-0.0378553,0.00492674+0.00315253i,-0.00356651
0.0107105,-0.172397,-0.153961,-0.0378553,0.00485517+0.00302545i,-0.00305188
0.0107105,-0.103438,-0.0923767,-0.0378553,0.00475621+0.00287836i,-0.0020694
0.0107105,-0.0344793,-0.0307922,-0.0378553,0.00462969+0.00271218i,-0.000501094
0.0107105,0.0344793,0.0307922,-0.0378553,0.00447553+0.00252787i,0.00180093
0.0107105,0.103438,0.0923767,-0.0378553,0.00429372+0.00232642i,0.00501685
0.0107105,0.172397,0.153961,-0.0378553,0.0040843+0.00210888i,0.00936804
0.0107105,0.241355,0.215546,-0.0378553,0.00384741+0.00187636i,0.0151342
0.0107105,0.310314,0.27713,-0.0378553,0.00358321+0.0016301i,0.0226833
0.0107105,0.379272,0.338714,-0.0378553,0.00329194+0.00137147i,0.0325231
0.0107105,0.448231,0.400299,-0.0378553,0.00297384+0.00110198i,0.0453932
0.0107105,0.51719,0.461883,-0.0378553,0.0026291+0.000823405i,0.062437
0.0107105,0.586148,0.523468,-0.0378553,0.00225782+0.000537832i,0.085549
0.0107105,0.655107,0.585052,-0.0378553,0.00185982+0.000247833i,0.118148
0.0107105,0.724066,0.646637,-0.0378553,0.00143434-4.32272e-05i,0.167144
0.0107105,0.793024,0.708221,-0.0378553,0.000979378-0.000330518i,0.24902
0.0107105,0.861983,0.769806,-0.0378553,0.000489901-0.00060601i,0.415364
0.0107105,0.930941,0.83139,-0.0378553,-4.88515e-05-0.000852076i,0.948759
0.0107105,0.9999,0.892975,-0.0378553,-0.000785483-0.000933994i,-6.70283e+08
0.0139474,-0.9999,-0.895834,-0.0492956,0.00351944+0.00255038i,-2.5079e+08
0.0139474,-0.930941,-0.834053,-0.0492956,0.00393751+0.00317687i,0.539222
0.0139474,-0.861983,-0.772271,-0.0492956,0.00421775+0.00343128i,0.131882
0.0139474,-0.793024,-0.710489,-0.0492956,0.00445755+0.00360029i,0.0502991
0.0139474,-0.724066,-0.648708,-0.0492956,0.00466501+0.00371475i,0.0217699
0.0139474,-0.655107,-0.586926,-0.0492956,0.00484232+0.00378679i,0.00963316
0.0139474,-0.586148,-0.525144,-0.0492956,0.00498999+0.00382267i,0.00399386
0.0139474,-0.51719,-0.463363,-0.0492956,0.0051079+0.00382616i,0.00126464
0.0139474,-0.448231,-0.401581,-0.0492956,0.00519562+0.00379974i,-6.56953e-05
0.0139474,-0.379272,-0.339799,-0.0492956,0.00525263+0.00374522i,-0.00067411
0.0139474,-0.310314,-0.278018,-0.0492956,0.0052784+0.00366398i,-0.000853642
0.0139474,-0.241355,-0.216236,-0.0492956,0.00527238+0.00355719i,-0.000701759
0.0139474,-0.172397,-0.154454,-0.0492956,0.00523408+0.00342588i,-0.000207362
0.0139474,-0.103438,-0.0926725,-0.0492956,0.00516308+0.00327103i,0.000706499
0.0139474,-0.0344793,-0.0308908,-0.0492956,0.00505902+0.0030936i,0.00216158
0.0139474,0.0344793,0.0308908,-0.0492956,0.00492164+0.00289457i,0.00431553
0.0139474,0.103438,0.0926725,-0.0492956,0.00475077+0.00267499i,0.00736137
0.0139474,0.172397,0.154454,-0.0492956,0.00454631+0.00243596i,0.0115344
0.0139474,0.241355,0.216236,-0.0492956,0.00430829+0.00217872i,0.0171281
0.0139474,0.310314,0.278018,-0.0492956,0.00403682+0.00190462i,0.0245236
0.0139474,0.379272,0.339799,-0.0492956,0.00373206+0.0016152i,0.0342408
0.0139474,0.448231,0.401581,-0.0492956,0.00339426+0.0013122i,0.047031
0.0139474,0.51719,0.463363,-0.0492956,0.00302366+0.00099769i,0.0640513
0.0139474,0.586148,0.525144,-0.0492956,0.00262046+0.000674122i,0.0872177
0.0139474,0.655107,0.586926,-0.0492956,0.00218462+0.000344575i,0.119996
0.0139474,0.724066,0.648708,-0.0492956,0.00171562+1.3129e-05i,0.169428
0.0139474,0.793024,0.710489,-0.0492956,0.00121186-0.000314301i,0.252452
0.0139474,0.861983,0.772271,-0.0492956,0.000668931-0.000627793i,0.422879
0.0139474,0.930941,0.834053,-0.0492956,7.34809e-05-0.00090538i,0.985951
0.0139474,0.9999,0.895834,-0.0492956,-0.000711541-0.000976221i,-5.86684e+08
0.0171842,-0.9999,-0.898694,-0.0607359,0.00322596+0.00264911i,6.03175e+08
0.0171842,-0.930941,-0.836715,-0.0607359,0.00372549+0.0033061i,0.840801
0.0171842,-0.861983,-0.774736,-0.0607359,0.00408714+0.00358798i,0.19527
0.0171842,-0.793024,-0.712757,-0.0607359,0.00440558+0.00378201i,0.0741443
0.0171842,-0.724066,-0.650778,-0.0607359,0.00468842+0.00391907i,0.0327158
0.0171842,-0.655107,-0.5888,-0.0607359,0.00493746+0.00401128i,0.0152769
0.0171842,-0.586148,-0.526821,-0.0607359,0.00515289+0.00406484i,0.00723682
0.0171842,-0.51719,-0.464842,-0.0607359,0.00533424+0.00408345i,0.00337968
0.0171842,-0.448231,-0.402863,-0.0607359,0.00548079+0.00406952i,0.00151496
0.0171842,-0.379272,-0.340884,-0.0607359,0.0055917+0.00402477i,0.000651172
0.0171842,-0.310314,-0.278905,-0.0607359,0.00566613+0.00395053i,0.000342614
0.0171842,-0.241355,-0.216926,-0.0607359,0.00570326+0.00384791i,0.000418513
0.0171842,-0.172397,-0.154947,-0.0607359,0.00570233+0.00371789i,0.000858432
0.0171842,-0.103438,-0.0929684,-0.0607359,0.00566264+0.00356139i,0.00173081
0.0171842,-0.0344793,-0.0309895,-0.0607359,0.00558361+0.00337936i,0.00316193
0.0171842,0.0344793,0.0309895,-0.0607359,0.00546474+0.00317277i,0.00532144
0.0171842,0.103438,0.0929684,-0.0607359,0.00530568+0.00294267i,0.00841865
0.0171842,0.172397,0.154947,-0.0607359,0.00510615+0.0026902i,0.0127078
0.0171842,0.241355,0.216926,-0.0607359,0.00486604+0.00241665i,0.0185034
0.0171842,0.310314,0.278905,-0.0607359,0.00458534+0.00212347i,0.0262104
0.0171842,0.379272,0.340884,-0.0607359,0.00426415+0.00181232i,0.0363769
0.0171842,0.448231,0.402863,-0.0607359,0.00390268+0.00148512i,0.049792
0.0171842,0.51719,0.464842,-0.0607359,0.00350118+0.00114418i,0.0676686
0.0171842,0.586148,0.526821,-0.0607359,0.00305993+0.000792273i,0.0920177
0.0171842,0.655107,0.5888,-0.0607359,0.00257902+0.000432935i,0.126488
0.0171842,0.724066,0.650778,-0.0607359,0.00205817+7.08968e-05i,0.178531
0.0171842,0.793024,0.712757,-0.0607359,0.00149612-0.00028691i,0.26621
0.0171842,0.861983,0.774736,-0.0607359,0.000889128-0.000628745i,0.447701
0.0171842,0.930941,0.836715,-0.0607359,0.000225228-0.00092837i,1.0645
0.0171842,0.9999,0.898694,-0.0607359,-0.00062111-0.000978075i,-2.07419e+08
0.0204211,-0.9999,-0.901554,-0.0721762,0.00292821+0.0026643i,3.15646e+09
0.0204211,-0.930941,-0.839378,-0.0721762,0.00352299+0.00332782i,1.26681
0.0204211,-0.861983,-0.777202,-0.0721762,0.00397738+0.00363045i,0.277327
0.0204211,-0.793024,-0.715025,-0.0721762,0.00438499+0.00384624i,0.1036
0.0204211,-0.724066,-0.652849,-0.0721762,0.00475307+0.00400467i,0.0456151
0.0204211,-0.655107,-0.590673,-0.0721762,0.00508311+0.00411723i,0.0214755
0.0204211,-0.586148,-0.528497,-0.0721762,0.00537495+0.00418979i,0.0104081
0.0204211,-0.51719,-0.466321,-0.0721762,0.00562779+0.00422576i,0.00511515
0.0204211,-0.448231,-0.404145,-0.0721762,0.00584055+0.00422737i,0.00255563
0.0204211,-0.379272,-0.341969,-0.0721762,0.00601207+0.00419617i,0.00135108
0.0204211,-0.310314,-0.279793,-0.0721762,0.00614116+0.00413335i,0.000870731
0.0204211,-0.241355,-0.217616,-0.0721762,0.00622668+0.00403988i,0.000856313
0.0204211,-0.172397,-0.15544,-0.0721762,0.00626754+0.00391665i,0.00125059
0.0204211,-0.103438,-0.0932642,-0.0721762,0.00626276+0.00376448i,0.00211284
0.0204211,-0.0344793,-0.0310881,-0.0721762,0.00621146+0.00358426i,0.00357572
0.0204211,0.0344793,0.0310881,-0.0721762,0.0061129+0.00337688i,0.00582413
0.0204211,0.103438,0.0932642,-0.0721762,0.00596646+0.00314338i,0.00908781
0.0204211,0.172397,0.15544,-0.0721762,0.00577168+0.00288489i,0.0136449
0.0204211,0.241355,0.217616,-0.0721762,0.00552825+0.00260271i,0.019837
0.0204211,0.310314,0.279793,-0.0721762,0.00523602+0.00229832i,0.0281001
0.0204211,0.379272,0.341969,-0.0721762,0.00489498+0.00197349i,0.039021
0.0204211,0.448231,0.404145,-0.0721762,0.00450529+0.00163026i,0.053441
0.0204211,0.51719,0.466321,-0.0721762,0.00406718+0.00127113i,0.0726522
0.0204211,0.586148,0.528497,-0.0721762,0.00358096+0.00089915i,0.0987995
0.0204211,0.655107,0.590673,-0.0721762,0.00304688+0.000518251i,0.135786
0.0204211,0.724066,0.652849,-0.0721762,0.00246486+0.000133757i,0.191619
0.0204211,0.793024,0.715025,-0.0721762,0.00183401-0.000246454i,0.285845
0.0204211,0.861983,0.777202,-0.0721762,0.00115123-0.000608908i,0.482202
0.0204211,0.930941,0.839378,-0.0721762,0.000406026-0.000923194i,1.16758
0.0204211,0.9999,0.901554,-0.0721762,-0.000515241-0.000944328i,6.29283e+08
0.0236579,-0.9999,-0.904414,-0.0836165,0.00262544+0.00259696i,8.82436e+09
0.0236579,-0.930941,-0.84204,-0.0836165,0.00333041+0.00324378i,1.85978
0.0236579,-0.861983,-0.779667,-0.0836165,0.00388998+0.00356112i,0.38328
0.0236579,-0.793024,-0.717294,-0.0836165,0.00439831+0.00379606i,0.140175
0.0236579,-0.724066,-0.65492,-0.0836165,0.00486248+0.00397522i,0.0611356
0.0236579,-0.655107,-0.592547,-0.0836165,0.00528369+0.00410891i,0.0286618
0.0236579,-0.586148,-0.530174,-0.0836165,0.00566144+0.00420231i,0.0138862
0.0236579,-0.51719,-0.4678,-0.0836165,0.00599457+0.00425839i,0.00685529
0.0236579,-0.448231,-0.405427,-0.0836165,0.00628163+0.00427905i,0.0034652
0.0236579,-0.379272,-0.343053,-0.0836165,0.00652108+0.00426558i,0.00186111
0.0236579,-0.310314,-0.28068,-0.0836165,0.00671136+0.00421892i,0.00118759
0.0236579,-0.241355,-0.218307,-0.0836165,0.00685095+0.00413988i,0.00108163
0.0236579,-0.172397,-0.155933,-0.0836165,0.0069384+0.00402916i,0.00144274
0.0236579,-0.103438,-0.09356,-0.0836165,0.00697239+0.00388746i,0.00232004
0.0236579,-0.0344793,-0.0311867,-0.0836165,0.00695171+0.00371553i,0.00385442
0.0236579,0.0344793,0.0311867,-0.0836165,0.0068753+0.00351418i,0.0062493
0.0236579,0.103438,0.09356,-0.0836165,0.00674226+0.00328434i,0.00975894
0.0236579,0.172397,0.155933,-0.0836165,0.00655189+0.00302711i,0.0146898
0.0236579,0.241355,0.218307,-0.0836165,0.00630366+0.00274373i,0.0214154
0.0236579,0.310314,0.28068,-0.0836165,0.00599722+0.00243573i,0.0304082
0.0236579,0.379272,0.343053,-0.0836165,0.00563243+0.00210486i,0.0423004
0.0236579,0.448231,0.405427,-0.0836165,0.00520936+0.00175329i,0.0579945
0.0236579,0.51719,0.4678,-0.0836165,0.00472821+0.00138363i,0.0788753
0.0236579,0.586148,0.530174,-0.0836165,0.00418932+0.00099916i,0.107244
0.0236579,0.655107,0.592547,-0.0836165,0.00359303+0.000604148i,0.147299
0.0236579,0.724066,0.65492,-0.0836165,0.0029395+0.00020444i,0.207686
0.0236579,0.793024,0.717294,-0.0836165,0.00222821-0.000191218i,0.309641
0.0236579,0.861983,0.779667,-0.0836165,0.00145675-0.000567722i,0.523198
0.0236579,0.930941,0.84204,-0.0836165,0.000616147-0.00089063i,1.28788
0.0236579,0.9999,0.904414,-0.0836165,-0.00039457-0.000877687i,2.15588e+09
0.0268947,-0.9999,-0.907273,-0.0950568,0.00231726+0.00244509i,1.96507e+10
0.0268947,-0.930941,-0.844703,-0.0950568,0.00314869+0.00305174i,2.67326
0.0268947,-0.861983,-0.782132,-0.0950568,0.00382706+0.00337803i,0.519703
0.0268947,-0.793024,-0.719562,-0.0950568,0.00444879+0.00362993i,0.185725
0.0268947,-0.724066,-0.656991,-0.0950568,0.00502093+0.00382965i,0.0800076
0.0268947,-0.655107,-0.594421,-0.0950568,0.00554444+0.0039857i,0.0372015
0.0268947,-0.586148,-0.53185,-0.0950568,0.0060185+0.00410228i,0.0179044
0.0268947,-0.51719,-0.469279,-0.0950568,0.00644155+0.00418171i,0.00878646
0.0268947,-0.448231,-0.406709,-0.0950568,0.00681174+0.0042254i,0.00441625
0.0268947,-0.379272,-0.344138,-0.0950568,0.0071271+0.00423427i,0.00235268
0.0268947,-0.310314,-0.281568,-0.0950568,0.00738566+0.00420897i,0.00146718
0.0268947,-0.241355,-0.218997,-0.0950568,0.00758547+0.00415003i,0.0012708
0.0268947,-0.172397,-0.156426,-0.0950568,0.00772469+0.00405793i,0.00161168
0.0268947,-0.103438,-0.0938559,-0.0950568,0.00780158+0.00393318i,0.00252725
0.0268947,-0.0344793,-0.0312853,-0.0950568,0.00781455+0.00377633i,0.00416829
0.0268947,0.0344793,0.0312853,-0.0950568,0.00776221+0.00358805i,0.00676006
0.0268947,0.103438,0.0938559,-0.0950568,0.00764331+0.00336914i,0.0105852
0.0268947,0.172397,0.156426,-0.0950568,0.00745686+0.00312059i,0.0159827
0.0268947,0.241355,0.218997,-0.0950568,0.00720205+0.00284357i,0.0233618
0.0268947,0.310314,0.281568,-0.0950568,0.00687834+0.00253953i,0.0332359
0.0268947,0.379272,0.344138,-0.0950568,0.0064854+0.00221025i,0.0462865
0.0268947,0.448231,0.406709,-0.0950568,0.00602317+0.00185788i,0.0634828
0.0268947,0.51719,0.469279,-0.0950568,0.0054918+0.00148515i,0.0863096
0.0268947,0.586148,0.53185,-0.0950568,0.00489163+0.00109548i,0.117236
0.0268947,0.655107,0.594421,-0.0950568,0.00422312+0.00069342i,0.160776
0.0268947,0.724066,0.656991,-0.0950568,0.00348663+0.00028525i,0.226257
0.0268947,0.793024,0.719562,-0.0950568,0.00268204-0.000119507i,0.336707
0.0268947,0.861983,0.782132,-0.0950568,0.00180768-0.000504242i,0.568874
0.0268947,0.930941,0.844703,-0.0950568,0.000856243-0.000830686i,1.42125
0.0268947,0.9999,0.907273,-0.0950568,-0.000259527-0.000779794i,4.70687e+09
0.0301316,-0.9999,-0.910133,-0.106497,0.00200353+0.00220459i,3.84712e+10
0.0301316,-0.930941,-0.847365,-0.106497,0.00297922+0.00274672i,3.77361
0.0301316,-0.861983,-0.784598,-0.106497,0.0037913+0.00307632i,0.694627
0.0301316,-0.793024,-0.72183,-0.106497,0.00454029+0.00334324i,0.242465
0.0301316,-0.724066,-0.659062,-0.106497,0.0052334+0.00356371i,0.103051
0.0301316,-0.655107,-0.596294,-0.106497,0.0058714+0.0037438i,0.0474517
0.0301316,-0.586148,-0.533526,-0.106497,0.00645311+0.00388636i,0.0226422
0.0301316,-0.51719,-0.470759,-0.106497,0.00697658+0.00399285i,0.0110168
0.0301316,-0.448231,-0.407991,-0.106497,0.00743951+0.00406406i,0.00548879
0.0301316,-0.379272,-0.345223,-0.106497,0.00783948+0.00410042i,0.00289594
0.0301316,-0.310314,-0.282455,-0.106497,0.00817402+0.00410218i,0.00177721
0.0301316,-0.241355,-0.219687,-0.106497,0.00844072+0.00406953i,0.00149181
0.0301316,-0.172397,-0.15692,-0.106497,0.00863727+0.00400266i,0.00182641
0.0301316,-0.103438,-0.0941517,-0.106497,0.00876149+0.00390179i,0.00280445
0.0301316,-0.0344793,-0.0313839,-0.106497,0.00881136+0.00376726i,0.0045882
0.0301316,0.0344793,0.0313839,-0.106497,0.00878506+0.00359952i,0.00742805
0.0301316,0.103438,0.0941517,-0.106497,0.00868099+0.00339919i,0.011639
0.0301316,0.172397,0.15692,-0.106497,0.00849779+0.00316707i,0.0175961
0.0301316,0.241355,0.219687,-0.106497,0.00823435+0.00290423i,0.0257482
0.0301316,0.310314,0.282455,-0.106497,0.00788986+0.002612i,0.0366522
0.0301316,0.379272,0.345223,-0.106497,0.0074638+0.00229207i,0.0510416
0.0301316,0.448231,0.407991,-0.106497,0.00695593+0.00194658i,0.0699542
0.0301316,0.51719,0.470759,-0.106497,0.00636634+0.00157826i,0.0949771
0.0301316,0.586148,0.533526,-0.106497,0.00569534+0.00119064i,0.12875
0.0301316,0.655107,0.596294,-0.106497,0.0049435+0.00078844i,0.176106
0.0301316,0.724066,0.659062,-0.106497,0.00411139+0.000378311i,0.247062
0.0301316,0.793024,0.72183,-0.106497,0.00319933-2.95697e-05i,0.366451
0.0301316,0.861983,0.784598,-0.106497,0.00220643-0.000417248i,0.617888
0.0301316,0.930941,0.847365,-0.106497,0.00112721-0.000742895i,1.56481
0.0301316,0.9999,0.910133,-0.106497,-0.000110446-0.000651713i,8.76341e+09
0.0333684,-0.9999,-0.912993,-0.117937,0.00168432+0.0018698i,6.91083e+10
0.0333684,-0.930941,-0.850028,-0.117937,0.00282373+0.00232171i,5.24233
0.0333684,-0.861983,-0.787063,-0.117937,0.00378585+0.00264889i,0.917802
0.0333684,-0.793024,-0.724098,-0.117937,0.00467728+0.0029291i,0.313055
0.0333684,-0.724066,-0.661133,-0.117937,0.00550558+0.00317083i,0.131229
0.0333684,-0.655107,-0.598168,-0.117937,0.00627136+0.00337703i,0.0598088
0.0333684,-0.586148,-0.535203,-0.117937,0.00697312+0.00354885i,0.0282771
0.0333684,-0.51719,-0.472238,-0.117937,0.00760846+0.00368664i,0.013633
0.0333684,-0.448231,-0.409273,-0.117937,0.00817461+0.00379042i,0.00673223
0.0333684,-0.379272,-0.346308,-0.117937,0.0086686+0.00385998i,0.0035258
0.0333684,-0.310314,-0.283343,-0.117937,0.00908747+0.0038951i,0.00214808
0.0333684,-0.241355,-0.220378,-0.117937,0.00942827+0.00389552i,0.00177485
0.0333684,-0.172397,-0.157413,-0.117937,0.00968817+0.00386106i,0.00211888
0.0333684,-0.103438,-0.0944476,-0.117937,0.00986447+0.00379161i,0.0031865
0.0333684,-0.0344793,-0.0314825,-0.117937,0.00995466+0.00368721i,0.00515287
0.0333684,0.0344793,0.0314825,-0.117937,0.00995647+0.00354802i,0.00829686
0.0333684,0.103438,0.0944476,-0.117937,0.00986784+0.00337442i,0.0129697
0.0333684,0.172397,0.157413,-0.117937,0.00968703+0.003167i,0.0195865
0.0333684,0.241355,0.220378,-0.117937,0.00941257+0.00292659i,0.0286382
0.0333684,0.310314,0.283343,-0.117937,0.00904334+0.00265438i,0.0407273
0.0333684,0.379272,0.346308,-0.117937,0.00857857+0.00235192i,0.0566398
0.0333684,0.448231,0.409273,-0.117937,0.00801784+0.00202124i,0.0774813
0.0333684,0.51719,0.472238,-0.117937,0.00736112+0.00166501i,0.104938
0.0333684,0.586148,0.535203,-0.117937,0.00660871+0.00128679i,0.141815
0.0333684,0.655107,0.598168,-0.117937,0.00576124+0.00089138i,0.193252
0.0333684,0.724066,0.661133,-0.117937,0.00481954+0.000485697i,0.269923
0.0333684,0.793024,0.724098,-0.117937,0.00378436+8.04357e-05i,0.398395
0.0333684,0.861983,0.787063,-0.117937,0.0026557-0.000305298i,0.669034
0.0333684,0.930941,0.850028,-0.117937,0.00143012-0.00062647i,1.71657
0.0333684,0.9999,0.912993,-0.117937,5.23735e-05-0.000494191i,1.50155e+10
0.0366053,-0.9999,-0.915853,-0.129378,0.00135986+0.00143371i,1.16601e+11
0.0366053,-0.930941,-0.852691,-0.129378,0.00268431+0.00176797i,7.17885
0.0366053,-0.861983,-0.789528,-0.129378,0.00381436+0.00208682i,1.20101
0.0366053,-0.793024,-0.726366,-0.129378,0.00486482+0.00237869i,0.400692
0.0366053,-0.724066,-0.663204,-0.129378,0.00584384+0.0026425i,0.165689
0.0366053,-0.655107,-0.600042,-0.129378,0.00675194+0.00287732i,0.0747382
0.0366053,-0.586148,-0.536879,-0.129378,0.00758726+0.00308217i,0.0350094
0.0366053,-0.51719,-0.473717,-0.129378,0.00834694+0.00325607i,0.0167255
0.0366053,-0.448231,-0.410555,-0.129378,0.00902768+0.00339806i,0.00819047
0.0366053,-0.379272,-0.347392,-0.129378,0.00962597+0.00350719i,0.00426773
0.0366053,-0.310314,-0.28423,-0.129378,0.0101382+0.00358262i,0.00259923
0.0366053,-0.241355,-0.221068,-0.129378,0.0105609+0.00362357i,0.00213898
0.0366053,-0.172397,-0.157906,-0.129378,0.0108906+0.0036294i,0.00251057
0.0366053,-0.103438,-0.0947434,-0.129378,0.0111241+0.00359959i,0.00369912
0.0366053,-0.0344793,-0.0315811,-0.129378,0.0112583+0.00353379i,0.00589392
0.0366053,0.0344793,0.0315811,-0.129378,0.0112903+0.00343183i,0.00940579
0.0366053,0.103438,0.0947434,-0.129378,0.0112177+0.00329375i,0.0146262
0.0366053,0.172397,0.157906,-0.129378,0.0110382+0.00311986i,0.0220138
0.0366053,0.241355,0.221068,-0.129378,0.0107499+0.00291072i,0.032104
0.0366053,0.310314,0.28423,-0.129378,0.0103515+0.00266726i,0.0455455
0.0366053,0.379272,0.347392,-0.129378,0.00984175+0.00239083i,0.0631756
0.0366053,0.448231,0.410555,-0.129378,0.0092201+0.00208328i,0.0861633
0.0366053,0.51719,0.473717,-0.129378,0.00848635+0.00174715i,0.116286
0.0366053,0.586148,0.536879,-0.129378,0.00764078+0.00138589i,0.156497
0.0366053,0.655107,0.600042,-0.129378,0.00668409+0.00100434i,0.212213
0.0366053,0.724066,0.663204,-0.129378,0.00561736+0.000609508i,0.294698
0.0366053,0.793024,0.726366,-0.129378,0.00444185+0.000212469i,0.432079
0.0366053,0.861983,0.789528,-0.129378,0.0031585-0.000166763i,0.721103
0.0366053,0.930941,0.852691,-0.129378,0.00176617-0.000480392i,1.87547
0.0366053,0.9999,0.915853,-0.129378,0.000228624-0.000307829i,2.44474e+10
0.0398421,-0.9999,-0.918713,-0.140818,0.00103051+0.000888106i,1.87479e+11
0.0398421,-0.930941,-0.855353,-0.140818,0.00256343+0.00107517i,9.70377
0.0398421,-0.861983,-0.791994,-0.140818,0.00388096+0.00137953i,1.55845
0.0398421,-0.793024,-0.728634,-0.140818,0.00510859+0.00168154i,0.509207
0.0398421,-0.724066,-0.665275,-0.140818,0.0062553+0.00196854i,0.207802
0.0398421,-0.655107,-0.601915,-0.140818,0.00732157+0.00223489i,0.0927956
0.0398421,-0.586148,-0.538556,-0.140818,0.00830518+0.00247709i,0.0430769
0.0398421,-0.51719,-0.475196,-0.140818,0.0092028+0.00269251i,0.0203994
0.0398421,-0.448231,-0.411837,-0.140818,0.0100105+0.00287901i,0.00991293
0.0398421,-0.379272,-0.348477,-0.140818,0.0107242+0.00303478i,0.00514854
0.0398421,-0.310314,-0.285118,-0.140818,0.0113397+0.00315822i,0.00314985
0.0398421,-0.241355,-0.221758,-0.140818,0.0118527+0.00324793i,0.00260276
0.0398421,-0.172397,-0.158399,-0.140818,0.0122592+0.0033027i,0.00302307
0.0398421,-0.103438,-0.0950392,-0.140818,0.0125553+0.00332153i,0.00436939
0.0398421,-0.0344793,-0.0316797,-0.140818,0.0127373+0.00330359i,0.00684612
0.0398421,0.0344793,0.0316797,-0.140818,0.0128017+0.00324829i,0.0107997
0.0398421,0.103438,0.0950392,-0.140818,0.0127455+0.00315528i,0.0166658
0.0398421,0.172397,0.158399,-0.140818,0.012566+0.00302447i,0.0249499
0.0398421,0.241355,0.221758,-0.140818,0.0122609+0.00285609i,0.0362338
0.0398421,0.310314,0.285118,-0.140818,0.0118282+0.00265074i,0.0512115
0.0398421,0.379272,0.348477,-0.140818,0.0112665+0.00240947i,0.0707679
0.0398421,0.448231,0.411837,-0.140818,0.0105749+0.00213386i,0.0961275
0.0398421,0.51719,0.475196,-0.140818,0.00975319+0.00182623i,0.129144
0.0398421,0.586148,0.538556,-0.140818,0.00880146+0.00148984i,0.172893
0.0398421,0.655107,0.601915,-0.140818,0.00772055+0.00112941i,0.233015
0.0398421,0.724066,0.665275,-0.140818,0.00651177+0.000751922i,0.321251
0.0398421,0.793024,0.728634,-0.140818,0.00517694+0.000368626i,0.467014
0.0398421,0.861983,0.791994,-0.140818,0.00371809+1.60452e-07i,0.772813
0.0398421,0.930941,0.855353,-0.140818,0.00213667-0.000303471i,2.04195
0.0398421,0.9999,0.918713,-0.140818,0.000417958-9.3192e-05i,3.84525e+10
0.0430789,-0.9999,-0.921572,-0.152258,0.000696791+0.000223579i,2.90081e+11
0.0430789,-0.930941,-0.858016,-0.152258,0.00246386+0.000231517i,12.9626
0.0430789,-0.861983,-0.794459,-0.152258,0.00399029+0.000514857i,2.00712
0.0430789,-0.793024,-0.730902,-0.152258,0.00541494+0.000825565i,0.643188
0.0430789,-0.724066,-0.667346,-0.152258,0.00674787+0.00113716i,0.259213
0.0430789,-0.655107,-0.603789,-0.152258,0.00798959+0.00143844i,0.114647
0.0430789,-0.586148,-0.540232,-0.152258,0.00913756+0.00172286i,0.0527666
0.0430789,-0.51719,-0.476675,-0.152258,0.0101879+0.00198586i,0.0247832
0.0430789,-0.448231,-0.413119,-0.152258,0.0111361+0.00222394i,0.0119605
0.0430789,-0.379272,-0.349562,-0.152258,0.0119773+0.0024342i,0.00620157
0.0430789,-0.310314,-0.286005,-0.152258,0.0127066+0.00261417i,0.00382385
0.0430789,-0.241355,-0.222449,-0.152258,0.013319+0.00276171i,0.0031892
0.0430789,-0.172397,-0.158892,-0.152258,0.0138098+0.00287496i,0.00368298
0.0430789,-0.103438,-0.0953351,-0.152258,0.0141743+0.00295229i,0.0052306
0.0430789,-0.0344793,-0.0317784,-0.152258,0.0144082+0.00299235i,0.00805229
0.0430789,0.0344793,0.0317784,-0.152258,0.0145073+0.00299401i,0.0125337
0.0430789,0.103438,0.0953351,-0.152258,0.014468+0.00295644i,0.0191591
0.0430789,0.172397,0.158892,-0.152258,0.0142869+0.00287908i,0.0284836
0.0430789,0.241355,0.222449,-0.152258,0.0139612+0.00276172i,0.0411361
0.0430789,0.310314,0.286005,-0.152258,0.0134885+0.00260456i,0.0578541
0.0430789,0.379272,0.349562,-0.152258,0.0128671+0.00240824i,0.0795634
0.0430789,0.448231,0.413119,-0.152258,0.0120957+0.00217399i,0.107531
0.0430789,0.51719,0.476675,-0.152258,0.0111738+0.00190376i,0.143666
0.0430789,0.586148,0.540232,-0.152258,0.0101015+0.00160054i,0.191125
0.0430789,0.655107,0.603789,-0.152258,0.00887982+0.00126876i,0.255698
0.0430789,0.724066,0.667346,-0.152258,0.00751024+0.000915233i,0.349438
0.0430789,0.793024,0.730902,-0.152258,0.00599522+0.00055115i,0.502653
0.0430789,0.861983,0.794459,-0.152258,0.00433802+0.000197431i,0.822795
0.0430789,0.930941,0.858016,-0.152258,0.002543-9.43885e-05i,2.21884
0.0430789,0.9999,0.921572,-0.152258,0.000619967+0.000149101i,5.89868e+10
0.0463158,-0.9999,-0.924432,-0.163699,0.000359345-0.000570435i,4.3493e+11
0.0463158,-0.930941,-0.860678,-0.163699,0.00238879-0.000776288i,17.1302
0.0463158,-0.861983,-0.796924,-0.163699,0.00414755-0.000520892i,2.5674
0.0463158,-0.793024,-0.73317,-0.163699,0.00579089-0.000202891i,0.808109
0.0463158,-0.724066,-0.669416,-0.163699,0.00733027+0.000135033i,0.321882
0.0463158,-0.655107,-0.605662,-0.163699,0.00876631+0.000475118i,0.141091
0.0463158,-0.586148,-0.541909,-0.163699,0.0100961+0.000807264i,0.0644248
0.0463158,-0.51719,-0.478155,-0.163699,0.0113153+0.00112465i,0.0300341
0.0463158,-0.448231,-0.414401,-0.163699,0.0124185+0.00142214i,0.0144095
0.0463158,-0.379272,-0.350647,-0.163699,0.0134003+0.00169561i,0.00747003
0.0463158,-0.310314,-0.286893,-0.163699,0.014255+0.00194155i,0.00465281
0.0463158,-0.241355,-0.223139,-0.163699,0.0149767+0.00215695i,0.00392851
0.0463158,-0.172397,-0.159385,-0.163699,0.0155599+0.00233916i,0.00452471
0.0463158,-0.103438,-0.0956309,-0.163699,0.0159991+0.00248586i,0.0063252
0.0463158,-0.0344793,-0.031877,-0.163699,0.0162892+0.00259503i,0.00956634
0.0463158,0.0344793,0.031877,-0.163699,0.0164253+0.00266492i,0.0146768
0.0463158,0.103438,0.0956309,-0.163699,0.0164031+0.00269411i,0.0221934
0.0463158,0.172397,0.159385,-0.163699,0.0162185+0.00268149i,0.0327238
0.0463158,0.241355,0.223139,-0.163699,0.0158681+0.00262631i,0.0469439
0.0463158,0.310314,0.286893,-0.163699,0.0153491+0.00252823i,0.0656305
0.0463158,0.379272,0.350647,-0.163699,0.0146592+0.0023874i,0.0897401
0.0463158,0.448231,0.414401,-0.163699,0.0137969+0.00220457i,0.120566
0.0463158,0.51719,0.478155,-0.163699,0.0127614+0.00198123i,0.160037
0.0463158,0.586148,0.541909,-0.163699,0.0115527+0.00171992i,0.211341
0.0463158,0.655107,0.605662,-0.163699,0.0101719+0.00142466i,0.28031
0.0463158,0.724066,0.669416,-0.163699,0.00862089+0.00110188i,0.379092
0.0463158,0.793024,0.73317,-0.163699,0.00690272+0.000762451i,0.538378
0.0463158,0.861983,0.796924,-0.163699,0.00502205+0.000427165i,0.869619
0.0463158,0.930941,0.860678,-0.163699,0.00298659+0.000148275i,2.41273
0.0463158,0.9999,0.924432,-0.163699,0.00083415+0.000418307i,8.87716e+10
0.0495526,-0.9999,-0.927292,-0.175139,1.89701e-05-0.0015057i,6.35173e+11
0.0495526,-0.930941,-0.863341,-0.175139,0.00234178-0.00196305i,22.4157
0.0495526,-0.861983,-0.79939,-0.175139,0.00435852-0.001743i,3.26353
0.0495526,-0.793024,-0.735438,-0.175139,0.00624424-0.00141906i,1.01049
0.0495526,-0.724066,-0.671487,-0.175139,0.00801214-0.00105275i,0.398147
0.0495526,-0.655107,-0.607536,-0.175139,0.00966307-0.000669441i,0.173083
0.0495526,-0.586148,-0.543585,-0.175139,0.0111938-0.000283379i,0.0784697
0.0495526,-0.51719,-0.479634,-0.175139,0.0125992+9.59796e-05i,0.0363447
0.0495526,-0.448231,-0.415683,-0.175139,0.0138735+0.000461623i,0.017356
0.0495526,-0.379272,-0.351731,-0.175139,0.0150102+0.00080796i,0.00900977
0.0495526,-0.310314,-0.28778,-0.175139,0.0160026+0.00113031i,0.00567825
0.0495526,-0.241355,-0.223829,-0.175139,0.0168442+0.00142464i,0.0048603
0.0495526,-0.172397,-0.159878,-0.175139,0.0175285+0.00168739i,0.00559273
0.0495526,-0.103438,-0.0959268,-0.175139,0.0180491+0.0019154i,0.00770718
0.0495526,-0.0344793,-0.0319756,-0.175139,0.0184+0.00210587i,0.011456
0.0495526,0.0344793,0.0319756,-0.175139,0.0185755+0.00225634i,0.0173145
0.0495526,0.103438,0.0959268,-0.175139,0.0185704+0.00236468i,0.0258765
0.0495526,0.172397,0.159878,-0.175139,0.0183801+0.0024291i,0.0378042
0.0495526,0.241355,0.223829,-0.175139,0.0180004+0.0024482i,0.0538192
0.0495526,0.310314,0.28778,-0.175139,0.0174279+0.00242101i,0.0747305
0.0495526,0.379272,0.351731,-0.175139,0.0166598+0.00234705i,0.101512
0.0495526,0.448231,0.415683,-0.175139,0.0156943+0.00222647i,0.135458
0.0495526,0.51719,0.479634,-0.175139,0.0145303+0.00206015i,0.178479
0.0495526,0.586148,0.543585,-0.175139,0.0131677+0.00185003i,0.233716
0.0495526,0.655107,0.607536,-0.175139,0.0116077+0.00159953i,0.306911
0.0495526,0.724066,0.671487,-0.175139,0.00985248+0.00131448i,0.41002
0.0495526,0.793024,0.735438,-0.175139,0.00790592+0.00100511i,0.573488
0.0495526,0.861983,0.79939,-0.175139,0.00577423+0.000691626i,0.911856
0.0495526,0.930941,0.863341,-0.175139,0.00346894+0.000426016i,2.63596
0.0495526,0.9999,0.927292,-0.175139,0.0010599+0.000713495i,1.31557e+11
0.0527895,-0.9999,-0.930152,-0.186579,-0.000323391-0.00259522i,9.07091e+11
0.0527895,-0.930941,-0.866003,-0.186579,0.00232683-0.00334517i,29.0684
0.0527895,-0.861983,-0.801855,-0.186579,0.00462959-0.0031684i,4.12438
0.0527895,-0.793024,-0.737707,-0.186579,0.00678357-0.00283982i,1.25807
0.0527895,-0.724066,-0.673558,-0.186579,0.0088041-0.00244269i,0.490791
0.0527895,-0.655107,-0.60941,-0.186579,0.0106923-0.00201117i,0.211764
0.0527895,-0.586148,-0.545261,-0.186579,0.0124447-0.00156426i,0.0954042
0.0527895,-0.51719,-0.481113,-0.186579,0.0140555-0.00111446i,0.04395
0.0527895,-0.448231,-0.416965,-0.186579,0.015518-0.000670965i,0.0209197
0.0527895,-0.379272,-0.352816,-0.186579,0.016825-0.000241031i,0.0108922
0.0527895,-0.310314,-0.288668,-0.186579,0.0179688+0.000169286i,0.00695403
0.0527895,-0.241355,-0.224519,-0.186579,0.0189418+0.000554764i,0.00603577
0.0527895,-0.172397,-0.160371,-0.186579,0.0197365+0.000910793i,0.00694376
0.0527895,-0.103438,-0.0962226,-0.186579,0.0203455+0.00123325i,0.00944449
0.0527895,-0.0344793,-0.0320742,-0.186579,0.020762+0.00151844i,0.0138055
0.0527895,0.0344793,0.0320742,-0.186579,0.0209794+0.00176302i,0.0205526
0.0527895,0.103438,0.0962226,-0.186579,0.0209914+0.00196405i,0.0303403
0.0527895,0.172397,0.160371,-0.186579,0.0207928+0.00211895i,0.0438871
0.0527895,0.241355,0.224519,-0.186579,0.0203784+0.00222552i,0.0619572
0.0527895,0.310314,0.288668,-0.186579,0.0197444+0.00228204i,0.0853826
0.0527895,0.379272,0.352816,-0.186579,0.0188874+0.00228727i,0.115136
0.0527895,0.448231,0.416965,-0.186579,0.0178051+0.00224059i,0.152479
0.0527895,0.51719,0.481113,-0.186579,0.0164961+0.00214213i,0.199252
0.0527895,0.586148,0.545261,-0.186579,0.0149603+0.00199305i,0.258456
0.0527895,0.655107,0.60941,-0.186579,0.0131989+0.00179597i,0.335564
0.0527895,0.724066,0.673558,-0.186579,0.0112144+0.00155584i,0.441994
0.0527895,0.793024,0.737707,-0.186579,0.00901179+0.00128191i,0.607202
0.0527895,0.861983,0.801855,-0.186579,0.00659887+0.00099323i,0.948191
0.0527895,0.930941,0.866003,-0.186579,0.00399156+0.000740383i,2.90929
0.0527895,0.9999,0.930152,-0.186579,0.00129648+0.00103348i,1.92462e+11
0.0560263,-0.9999,-0.933012,-0.198019,-0.000666635-0.00385333i,1.27069e+12
0.0560263,-0.930941,-0.868666,-0.198019,0.0023484-0.0049407i,37.3845
0.0560263,-0.861983,-0.80432,-0.198019,0.00496787-0.00481573i,5.18416
0.0560263,-0.793024,-0.739975,-0.198019,0.00741838-0.00448379i,1.56004
0.0560263,-0.724066,-0.675629,-0.198019,0.00971782-0.00405301i,0.603113
0.0560263,-0.655107,-0.611283,-0.198019,0.0118678-0.00356763i,0.258492
0.0560263,-0.586148,-0.546938,-0.198019,0.0138644-0.00305212i,0.115832
0.0560263,-0.51719,-0.482592,-0.198019,0.0157013-0.00252246i,0.0531361
0.0560263,-0.448231,-0.418247,-0.198019,0.0173708-0.00199034i,0.0252491
0.0560263,-0.379272,-0.353901,-0.198019,0.0188648-0.00146493i,0.0132077
0.0560263,-0.310314,-0.289555,-0.198019,0.0201745-0.000953878i,0.00854899
0.0560263,-0.241355,-0.22521,-0.198019,0.0212913-0.000463756i,0.00752013
0.0560263,-0.172397,-0.160864,-0.198019,0.0222065-3.93197e-07i,0.00864931
0.0560263,-0.103438,-0.0965184,-0.198019,0.0229117+0.000430973i,0.0116219
0.0560263,-0.0344793,-0.0321728,-0.198019,0.0233989+0.00082559i,0.0167189
0.0560263,0.0344793,0.0321728,-0.198019,0.0236605+0.00117914i,0.0245204
0.0560263,0.103438,0.0965184,-0.198019,0.0236895+0.00148769i,0.0357453
0.0560263,0.172397,0.160864,-0.198019,0.0234793+0.00174774i,0.051169
0.0560263,0.241355,0.22521,-0.198019,0.0230244+0.00195617i,0.0715933
0.0560263,0.310314,0.289555,-0.198019,0.02232+0.00211032i,0.0978603
0.0560263,0.379272,0.353901,-0.198019,0.0213621+0.00220807i,0.130917
0.0560263,0.448231,0.418247,-0.198019,0.0201479+0.00224786i,0.171952
0.0560263,0.51719,0.482592,-0.198019,0.0186757+0.00222889i,0.222663
0.0560263,0.586148,0.546938,-0.198019,0.0169454+0.00215134i,0.285797
0.0560263,0.655107,0.611283,-0.198019,0.0149581+0.00201677i,0.366344
0.0560263,0.724066,0.675629,-0.198019,0.012717+0.00182898i,0.474756
0.0560263,0.793024,0.739975,-0.198019,0.0102278+0.00159583i,0.638668
0.0560263,0.861983,0.80432,-0.198019,0.00750052+0.00133454i,0.977592
0.0560263,0.930941,0.868666,-0.198019,0.00455601+0.00109296i,3.26565
0.0560263,0.9999,0.933012,-0.198019,0.00154299+0.00137677i,2.78415e+11
0.0592632,-0.9999,-0.935871,-0.20946,-0.00100949-0.00529577i,1.75039e+12
0.0592632,-0.930941,-0.871328,-0.20946,0.00241145-0.00676948i,47.7146
0.0592632,-0.861983,-0.806786,-0.20946,0.00538119-0.00670548i,6.48336
0.0592632,-0.793024,-0.742243,-0.20946,0.0081591-0.0063714i,1.92727
0.0592632,-0.724066,-0.6777,-0.20946,0.0107661-0.00590371i,0.739028
0.0592632,-0.655107,-0.613157,-0.20946,0.0132045-0.00535813i,0.314885
0.0592632,-0.586148,-0.548614,-0.20946,0.0154699-0.00476535i,0.140477
0.0592632,-0.51719,-0.484071,-0.20946,0.0175554-0.00414536i,0.0642496
0.0592632,-0.448231,-0.419529,-0.20946,0.0194524-0.00351266i,0.0305269
0.0592632,-0.379272,-0.354986,-0.20946,0.0211515-0.00287864i,0.0160694
0.0592632,-0.310314,-0.290443,-0.20946,0.0226429-0.00225273i,0.0105501
0.0592632,-0.241355,-0.2259,-0.20946,0.0239168-0.00164307i,0.00939553
0.0592632,-0.172397,-0.161357,-0.20946,0.0249634-0.0010569i,0.0107987
0.0592632,-0.103438,-0.0968143,-0.20946,0.0257729-0.000500713i,0.0143443
0.0592632,-0.0344793,-0.0322714,-0.20946,0.0263362+1.95139e-05i,0.020324
0.0592632,0.0344793,0.0322714,-0.20946,0.0266446+0.000498307i,0.0293756
0.0592632,0.103438,0.0968143,-0.20946,0.0266899+0.000930628i,0.0422859
0.0592632,0.172397,0.161357,-0.20946,0.0264647+0.00131186i,0.0598867
0.0592632,0.241355,0.2259,-0.20946,0.0259625+0.00163782i,0.0830098
0.0592632,0.310314,0.290443,-0.20946,0.0251776+0.00190477i,0.11249
0.0592632,0.379272,0.354986,-0.20946,0.0241055+0.00210948i,0.149217
0.0592632,0.448231,0.419529,-0.20946,0.0227428+0.00224931i,0.194255
0.0592632,0.51719,0.484071,-0.20946,0.0210875+0.00232231i,0.249074
0.0592632,0.586148,0.548614,-0.20946,0.0191391+0.00232745i,0.316019
0.0592632,0.655107,0.613157,-0.20946,0.0168991+0.00226498i,0.399336
0.0592632,0.724066,0.6777,-0.20946,0.0143711+0.00213718i,0.508013
0.0592632,0.793024,0.742243,-0.20946,0.011562+0.00195005i,0.666992
0.0592632,0.861983,0.806786,-0.20946,0.00848403+0.00171827i,0.999568
0.0592632,0.930941,0.871328,-0.20946,0.00516382+0.00148535i,3.75506
0.0592632,0.9999,0.935871,-0.20946,0.00179837+0.00174147i,3.98709e+11
0.0625,-0.9999,-0.938731,-0.2209,-0.0013505-0.00693979i,2.37582e+12
0.0625,-0.930941,-0.873991,-0.2209,0.00252149-0.00885324i,60.4729
0.0625,-0.861983,-0.809251,-0.2209,0.00587821-0.0088601i,8.06983
0.0625,-0.793024,-0.744511,-0.2209,0.00901724-0.00852505i,2.3726
0.0625,-0.724066,-0.679771,-0.2209,0.0119631-0.0080167i,0.903166
0.0625,-0.655107,-0.615031,-0.2209,0.0147188-0.00740379i,0.382863
0.0625,-0.586148,-0.550291,-0.2209,0.0172799-0.00672411i,0.170204
0.0625,-0.51719,-0.485551,-0.2209,0.0196384-0.00600214i,0.0777094
0.0625,-0.448231,-0.420811,-0.2209,0.021785-0.00525563i,0.0369776
0.0625,-0.379272,-0.35607,-0.2209,0.0237089-0.00449844i,0.0196182
0.0625,-0.310314,-0.29133,-0.2209,0.0253992-0.00374209i,0.0130664
0.0625,-0.241355,-0.22659,-0.2209,0.0268447-0.00299648i,0.0117646
0.0625,-0.172397,-0.16185,-0.2209,0.0280341-0.00227043i,0.0135025
0.0625,-0.103438,-0.0971101,-0.2209,0.0289567-0.00157193i,0.0177404
0.0625,-0.0344793,-0.03237,-0.2209,0.0296018-0.000908322i,0.0247768
0.0625,0.0344793,0.03237,-0.2209,0.0299594-0.000286419i,0.0353098
0.0625,0.103438,0.0971101,-0.2209,0.0300204+0.000287451i,0.0501971
0.0625,0.172397,0.16185,-0.2209,0.0297761+0.000807402i,0.0703248
0.0625,0.241355,0.22659,-0.2209,0.029219+0.00126799i,0.0965448
0.0625,0.310314,0.29133,-0.2209,0.0283425+0.00166421i,0.129662
0.0625,0.379272,0.35607,-0.2209,0.0271414+0.00199156i,0.170468
0.0625,0.448231,0.420811,-0.2209,0.0256117+0.00224608i,0.219839
0.0625,0.51719,0.485551,-0.2209,0.0237511+0.00242445i,0.27891
0.0625,0.586148,0.550291,-0.2209,0.0215588+0.00252418i,0.349448
0.0625,0.655107,0.615031,-0.2209,0.0190366+0.0025439i,0.434644
0.0625,0.724066,0.679771,-0.2209,0.0161885+0.00248397i,0.541452
0.0625,0.793024,0.744511,-0.2209,0.0130229+0.00234802i,0.691273
0.0625,0.861983,0.809251,-0.2209,0.00955451+0.00214729i,1.01452
0.0625,0.930941,0.873991,-0.2209,0.00581654+0.00191914i,4.4512
0.0625,0.9999,0.938731,-0.2209,0.00206134+0.00212527i,5.65706e+11
