tau,z,PK,QQ,scattering_amp,|scattering_amp|2
0.001,-0.9999,-0.884395,-0.0035344,0.000799107-1.32317e-06i,-1.12456e+07
0.001,-0.930941,-0.823402,-0.0035344,0.000773329-2.17873e-05i,347.933
0.001,-0.861983,-0.76241,-0.0035344,0.000746375-4.21696e-05i,346.728
0.001,-0.793024,-0.701417,-0.0035344,0.000718035-6.21497e-05i,340.929
0.001,-0.724066,-0.640424,-0.0035344,0.000688222-8.15211e-05i,333.848
0.001,-0.655107,-0.579431,-0.0035344,0.000656898-0.000100106i,326.146
0.001,-0.586148,-0.518439,-0.0035344,0.000624052-0.000117741i,318.038
0.001,-0.51719,-0.457446,-0.0035344,0.000589693-0.000134271i,309.618
0.001,-0.448231,-0.396453,-0.0035344,0.000553846-0.000149547i,300.937
0.001,-0.379272,-0.33546,-0.0035344,0.000516547-0.000163426i,292.03
0.001,-0.310314,-0.274467,-0.0035344,0.000477847-0.000175771i,282.924
0.001,-0.241355,-0.213475,-0.0035344,0.000437801-0.000186449i,273.642
0.001,-0.172397,-0.152482,-0.0035344,0.000396478-0.000195335i,264.209
0.001,-0.103438,-0.0914892,-0.0035344,0.000353949-0.000202307i,254.647
0.001,-0.0344793,-0.0304964,-0.0035344,0.000310298-0.000207252i,244.98
0.001,0.0344793,0.0304964,-0.0035344,0.000265612-0.000210065i,235.233
0.001,0.103438,0.0914892,-0.0035344,0.000219985-0.00021065i,225.433
0.001,0.172397,0.152482,-0.0035344,0.000173515-0.000208918i,215.606
0.001,0.241355,0.213475,-0.0035344,0.000126309-0.000204796i,205.784
0.001,0.310314,0.274467,-0.0035344,7.84729e-05-0.000198221i,196.002
0.001,0.379272,0.33546,-0.0035344,3.01198e-05-0.000189145i,186.299
0.001,0.448231,0.396453,-0.0035344,-1.86373e-05-0.000177538i,176.72
0.001,0.51719,0.457446,-0.0035344,-6.76848e-05-0.000163387i,167.324
0.001,0.586148,0.518439,-0.0035344,-0.000116912-0.000146705i,158.187
0.001,0.655107,0.579431,-0.0035344,-0.000166214-0.00012753i,149.424
0.001,0.724066,0.640424,-0.0035344,-0.000215497-0.000105932i,141.231
0.001,0.793024,0.701417,-0.0035344,-0.000264689-8.20199e-05i,134.023
0.001,0.861983,0.76241,-0.0035344,-0.000313754-5.5958e-05i,128.977
0.001,0.930941,0.823402,-0.0035344,-0.000362726-2.79933e-05i,131.942
0.001,0.9999,0.884395,-0.0035344,-0.000411842+1.39212e-06i,-1.12149e+08
0.00423684,-0.9999,-0.887255,-0.0149747,0.000758747-5.46618e-06i,-5.20371e+07
0.00423684,-0.930941,-0.826065,-0.0149747,0.000737804-2.55273e-05i,0.635487
0.00423684,-0.861983,-0.764875,-0.0149747,0.000715497-4.54398e-05i,0.5364
0.00423684,-0.793024,-0.703685,-0.0149747,0.000691612-6.48862e-05i,0.485797
0.00423684,-0.724066,-0.642495,-0.0149747,0.000666062-8.36649e-05i,0.444682
0.00423684,-0.655107,-0.581305,-0.0149747,0.000638804-0.000101605i,0.408143
0.00423684,-0.586148,-0.520115,-0.0149747,0.000609827-0.000118548i,0.375058
0.00423684,-0.51719,-0.458925,-0.0149747,0.000579137-0.00013435i,0.345126
0.00423684,-0.448231,-0.397735,-0.0149747,0.000546756-0.000148869i,0.318282
0.00423684,-0.379272,-0.336545,-0.0149747,0.000512722-0.000161972i,0.294531
0.00423684,-0.310314,-0.275355,-0.0149747,0.000477081-0.000173532i,0.273893
0.00423684,-0.241355,-0.214165,-0.0149747,0.00043989-0.000183427i,0.256385
0.00423684,-0.172397,-0.152975,-0.0149747,0.000401214-0.000191541i,0.242013
0.00423684,-0.103438,-0.091785,-0.0149747,0.000361127-0.000197765i,0.230776
0.00423684,-0.0344793,-0.030595,-0.0149747,0.00031971-0.000201998i,0.222672
0.00423684,0.0344793,0.030595,-0.0149747,0.00027705-0.000204145i,0.217711
0.00423684,0.103438,0.091785,-0.0149747,0.000233242-0.000204121i,0.215929
0.00423684,0.172397,0.152975,-0.0149747,0.000188385-0.000201851i,0.217418
0.00423684,0.241355,0.214165,-0.0149747,0.000142584-0.000197273i,0.222361
0.00423684,0.310314,0.275355,-0.0149747,9.59466e-05-0.000190334i,0.231088
0.00423684,0.379272,0.336545,-0.0149747,4.85857e-05-0.000180999i,0.244171
0.00423684,0.448231,0.397735,-0.0149747,6.14436e-07-0.000169248i,0.26258
0.00423684,0.51719,0.458925,-0.0149747,-4.7854e-05-0.000155078i,0.287966
0.00423684,0.586148,0.520115,-0.0149747,-9.67093e-05-0.00013851i,0.323233
0.00423684,0.655107,0.581305,-0.0149747,-0.000145848-0.000119589i,0.373767
0.00423684,0.724066,0.642495,-0.0149747,-0.000195181-9.839e-05i,0.450546
0.00423684,0.793024,0.703685,-0.0149747,-0.00024464-7.50237e-05i,0.579509
0.00423684,0.861983,0.764875,-0.0149747,-0.000294198-4.96487e-05i,0.839677
0.00423684,0.930941,0.826065,-0.0149747,-0.000343905-2.24979e-05i,1.63832
0.00423684,0.9999,0.887255,-0.0149747,-0.000394035+5.99137e-06i,-3.66501e+08
0.00747368,-0.9999,-0.890115,-0.026415,0.000715664-9.53214e-06i,-1.75694e+08
0.00747368,-0.930941,-0.828728,-0.026415,0.000699706-2.91718e-05i,0.209364
0.00747368,-0.861983,-0.76734,-0.026415,0.000682204-4.85938e-05i,0.0666561
0.00747368,-0.793024,-0.705953,-0.026415,0.000662943-6.7484e-05i,0.032505
0.00747368,-0.724066,-0.644566,-0.026415,0.000641833-8.56459e-05i,0.0181291
0.00747368,-0.655107,-0.583179,-0.026415,0.000618828-0.000102915i,0.0102457
0.00747368,-0.586148,-0.521791,-0.026415,0.000593913-0.000119142i,0.00515726
0.00747368,-0.51719,-0.460404,-0.026415,0.000567092-0.000134188i,0.00152891
0.00747368,-0.448231,-0.399017,-0.026415,0.000538385-0.000147924i,-0.0011796
0.00747368,-0.379272,-0.33763,-0.026415,0.000507825-0.000160226i,-0.00318578
0.00747368,-0.310314,-0.276243,-0.026415,0.000475456-0.000170976i,-0.00455782
0.00747368,-0.241355,-0.214855,-0.026415,0.000441335-0.000180065i,-0.00528711
0.00747368,-0.172397,-0.153468,-0.026415,0.000405522-0.000187387i,-0.00532096
0.00747368,-0.103438,-0.0920808,-0.026415,0.000368091-0.000192846i,-0.00457727
0.00747368,-0.0344793,-0.0306936,-0.026415,0.00032912-0.00019635i,-0.00294983
0.00747368,0.0344793,0.0306936,-0.026415,0.000288695-0.00019782i,-0.000307482
0.00747368,0.103438,0.0920808,-0.026415,0.00024691-0.000197181i,0.00351207
0.00747368,0.172397,0.153468,-0.026415,0.000203861-0.000194372i,0.00871437
0.00747368,0.241355,0.214855,-0.026415,0.000159652-0.00018934i,0.0155689
0.00747368,0.310314,0.276243,-0.026415,0.000114392-0.000182047i,0.0244434
0.00747368,0.379272,0.33763,-0.026415,6.81898e-05-0.000172469i,0.0358611
0.00747368,0.448231,0.399017,-0.026415,2.11584e-05-0.000160595i,0.0506024
0.00747368,0.51719,0.460404,-0.026415,-2.65905e-05-0.000146436i,0.0698922
0.00747368,0.586148,0.521791,-0.026415,-7.49486e-05-0.000130019i,0.0957767
0.00747368,0.655107,0.583179,-0.026415,-0.000123815-0.000111397i,0.131957
0.00747368,0.724066,0.644566,-0.026415,-0.000173104-9.06495e-05i,0.185891
0.00747368,0.793024,0.705953,-0.026415,-0.000222752-6.78888e-05i,0.275232
0.00747368,0.861983,0.76734,-0.026415,-0.000272742-4.32685e-05i,0.454389
0.00747368,0.930941,0.828728,-0.026415,-0.000323138-1.70058e-05i,1.01138
0.00747368,0.9999,0.890115,-0.026415,-0.000374244+1.05082e-05i,-5.70858e+08
0.0107105,-0.9999,-0.892975,-0.0378553,0.000669817-1.35086e-05i,-3.28767e+08
0.0107105,-0.930941,-0.83139,-0.0378553,0.000658975-3.27087e-05i,0.330426
0.0107105,-0.861983,-0.769806,-0.0378553,0.00064642-5.16198e-05i,0.0842458
0.0107105,-0.793024,-0.708221,-0.0378553,0.000631938-6.99314e-05i,0.0317194
0.0107105,-0.724066,-0.646637,-0.0378553,0.000615434-8.74527e-05i,0.0127796
0.0107105,-0.655107,-0.585052,-0.0378553,0.00059686-0.000104026i,0.00445292
0.0107105,-0.586148,-0.523468,-0.0378553,0.000576195-0.00011951i,0.000388041
0.0107105,-0.51719,-0.461883,-0.0378553,0.00055344-0.000133776i,-0.00173404
0.0107105,-0.448231,-0.400299,-0.0378553,0.000528611-0.000146703i,-0.00288331
0.0107105,-0.379272,-0.338714,-0.0378553,0.000501738-0.000158179i,-0.00348187
0.0107105,-0.310314,-0.27713,-0.0378553,0.00047286-0.000168096i,-0.00369737
0.0107105,-0.241355,-0.215546,-0.0378553,0.000442028-0.000176356i,-0.00356651
0.0107105,-0.172397,-0.153961,-0.0378553,0.000409302-0.000182867i,-0.00305188
0.0107105,-0.103438,-0.0923767,-0.0378553,0.00037475-0.000187542i,-0.0020694
0.0107105,-0.0344793,-0.0307922,-0.0378553,0.000338447-0.000190306i,-0.000501094
0.0107105,0.0344793,0.0307922,-0.0378553,0.000300477-0.000191088i,0.00180093
0.0107105,0.103438,0.0923767,-0.0378553,0.000260928-0.000189829i,0.00501685
0.0107105,0.172397,0.153961,-0.0378553,0.000219895-0.000186479i,0.00936804
0.0107105,0.241355,0.215546,-0.0378553,0.00017748-0.000180999i,0.0151342
0.0107105,0.310314,0.27713,-0.0378553,0.000133786-0.000173362i,0.0226833
0.0107105,0.379272,0.338714,-0.0378553,8.89213e-05-0.000163557i,0.0325231
0.0107105,0.448231,0.400299,-0.0378553,4.29956e-05-0.000151585i,0.0453932
0.0107105,0.51719,0.461883,-0.0378553,-3.88233e-06-0.000137466i,0.062437
0.0107105,0.586148,0.523468,-0.0378553,-5.16073e-05-0.000121238i,0.085549
0.0107105,0.655107,0.585052,-0.0378553,-0.000100082-0.000102961i,0.118148
0.0107105,0.724066,0.646637,-0.0378553,-0.000149225-8.27195e-05i,0.167144
0.0107105,0.793024,0.708221,-0.0378553,-0.000198978-6.06257e-05i,0.24902
0.0107105,0.861983,0.769806,-0.0378553,-0.000249333-3.68289e-05i,0.415364
0.0107105,0.930941,0.83139,-0.0378553,-0.000300363-1.15299e-05i,0.948759
0.0107105,0.9999,0.892975,-0.0378553,-0.000352401+1.49287e-05i,-6.70283e+08
0.0139474,-0.9999,-0.895834,-0.0492956,0.000621173-1.73829e-05i,-2.5079e+08
0.0139474,-0.930941,-0.834053,-0.0492956,0.000615555-3.61255e-05i,0.539222
0.0139474,-0.861983,-0.772271,-0.0492956,0.00060807-5.45054e-05i,0.131882
0.0139474,-0.793024,-0.710489,-0.0492956,0.000598504-7.22166e-05i,0.0502991
0.0139474,-0.724066,-0.648708,-0.0492956,0.000586759-8.90739e-05i,0.0217699
0.0139474,-0.655107,-0.586926,-0.0492956,0.000572783-0.000104927i,0.00963316
0.0139474,-0.586148,-0.525144,-0.0492956,0.00055655-0.000119644i,0.00399386
0.0139474,-0.51719,-0.463363,-0.0492956,0.000538054-0.000133104i,0.00126464
0.0139474,-0.448231,-0.401581,-0.0492956,0.000517307-0.000145197i,-6.56953e-05
0.0139474,-0.379272,-0.339799,-0.0492956,0.000494333-0.000155822i,-0.00067411
0.0139474,-0.310314,-0.278018,-0.0492956,0.000469165-0.000164884i,-0.000853642
0.0139474,-0.241355,-0.216236,-0.0492956,0.00044185-0.000172295i,-0.000701759
0.0139474,-0.172397,-0.154454,-0.0492956,0.000412441-0.000177975i,-0.000207362
0.0139474,-0.103438,-0.0926725,-0.0492956,0.000381-0.000181852i,0.000706499
0.0139474,-0.0344793,-0.0308908,-0.0492956,0.000347598-0.000183862i,0.00216158
0.0139474,0.0344793,0.0308908,-0.0492956,0.000312312-0.000183948i,0.00431553
0.0139474,0.103438,0.0926725,-0.0492956,0.000275227-0.000182064i,0.00736137
0.0139474,0.172397,0.154454,-0.0492956,0.000236431-0.000178173i,0.0115344
0.0139474,0.241355,0.216236,-0.0492956,0.000196021-0.000172251i,0.0171281
0.0139474,0.310314,0.278018,-0.0492956,0.000154097-0.000164283i,0.0245236
0.0139474,0.379272,0.339799,-0.0492956,0.000110761-0.000154269i,0.0342408
0.0139474,0.448231,0.401581,-0.0492956,6.61194e-05-0.000142224i,0.047031
0.0139474,0.51719,0.463363,-0.0492956,2.02756e-05-0.000128177i,0.0640513
0.0139474,0.586148,0.525144,-0.0492956,-2.66694e-05-0.000112178i,0.0872177
0.0139474,0.655107,0.586926,-0.0492956,-7.46231e-05-9.42923e-05i,0.119996
0.0139474,0.724066,0.648708,-0.0492956,-0.000123508-7.46104e-05i,0.169428
0.0139474,0.793024,0.710489,-0.0492956,-0.000173275-5.3246e-05i,0.252452
0.0139474,0.861983,0.772271,-0.0492956,-0.000223918-3.03424e-05i,0.422879
0.0139474,0.930941,0.834053,-0.0492956,-0.000275523-6.0836e-06i,0.985951
0.0139474,0.9999,0.895834,-0.0492956,-0.000328441+1.92385e-05i,-5.86684e+08
0.0171842,-0.9999,-0.898694,-0.0607359,0.000569711-2.11419e-05i,6.03175e+08
0.0171842,-0.930941,-0.836715,-0.0607359,0.000569396-3.94092e-05i,0.840801
0.0171842,-0.861983,-0.774736,-0.0607359,0.00056708-5.72382e-05i,0.19527
0.0171842,-0.793024,-0.712757,-0.0607359,0.000562548-7.43274e-05i,0.0741443
0.0171842,-0.724066,-0.650778,-0.0607359,0.0005557-9.0498e-05i,0.0327158
0.0171842,-0.655107,-0.5888,-0.0607359,0.000546476-0.000105607i,0.0152769
0.0171842,-0.586148,-0.526821,-0.0607359,0.000534846-0.000119532i,0.00723682
0.0171842,-0.51719,-0.464842,-0.0607359,0.000520797-0.000132162i,0.00337968
0.0171842,-0.448231,-0.402863,-0.0607359,0.000504333-0.000143399i,0.00151496
0.0171842,-0.379272,-0.340884,-0.0607359,0.000485471-0.00015315i,0.000651172
0.0171842,-0.310314,-0.278905,-0.0607359,0.000464237-0.000161334i,0.000342614
0.0171842,-0.241355,-0.216926,-0.0607359,0.000440669-0.000167876i,0.000418513
0.0171842,-0.172397,-0.154947,-0.0607359,0.000414814-0.000172708i,0.000858432
0.0171842,-0.103438,-0.0929684,-0.0607359,0.000386725-0.000175772i,0.00173081
0.0171842,-0.0344793,-0.0309895,-0.0607359,0.000356466-0.000177016i,0.00316193
0.0171842,0.0344793,0.0309895,-0.0607359,0.000324107-0.000176399i,0.00532144
0.0171842,0.103438,0.0929684,-0.0607359,0.000289723-0.000173887i,0.00841865
0.0171842,0.172397,0.154947,-0.0607359,0.000253398-0.000169458i,0.0127078
0.0171842,0.241355,0.216926,-0.0607359,0.000215221-0.0001631i,0.0185034
0.0171842,0.310314,0.278905,-0.0607359,0.000175283-0.000154814i,0.0262104
0.0171842,0.379272,0.340884,-0.0607359,0.000133681-0.000144611i,0.0363769
0.0171842,0.448231,0.402863,-0.0607359,9.05144e-05-0.000132518i,0.049792
0.0171842,0.51719,0.464842,-0.0607359,4.58803e-05-0.000118577i,0.0676686
0.0171842,0.586148,0.526821,-0.0607359,-1.26376e-07-0.000102846i,0.0920177
0.0171842,0.655107,0.5888,-0.0607359,-4.74191e-05-8.54004e-05i,0.126488
0.0171842,0.724066,0.650778,-0.0607359,-9.59266e-05-6.63342e-05i,0.178531
0.0171842,0.793024,0.712757,-0.0607359,-0.000145604-4.57624e-05i,0.26621
0.0171842,0.861983,0.774736,-0.0607359,-0.000196453-2.38226e-05i,0.447701
0.0171842,0.930941,0.836715,-0.0607359,-0.000248567-6.81078e-07i,1.0645
0.0171842,0.9999,0.898694,-0.0607359,-0.000302304+2.34228e-05i,-2.07419e+08
0.0204211,-0.9999,-0.901554,-0.0721762,0.000515421-2.47721e-05i,3.15646e+09
0.0204211,-0.930941,-0.839378,-0.0721762,0.000520457-4.25468e-05i,1.26681
0.0204211,-0.861983,-0.777202,-0.0721762,0.000523381-5.98055e-05i,0.277327
0.0204211,-0.793024,-0.715025,-0.0721762,0.000523978-7.62518e-05i,0.1036
0.0204211,-0.724066,-0.652849,-0.0721762,0.000522144-9.17136e-05i,0.0456151
0.0204211,-0.655107,-0.590673,-0.0721762,0.000517812-0.000106056i,0.0214755
0.0204211,-0.586148,-0.528497,-0.0721762,0.000510945-0.000119166i,0.0104081
0.0204211,-0.51719,-0.466321,-0.0721762,0.000501522-0.000130943i,0.00511515
0.0204211,-0.448231,-0.404145,-0.0721762,0.000489538-0.000141299i,0.00255563
0.0204211,-0.379272,-0.341969,-0.0721762,0.000474999-0.000150155i,0.00135108
0.0204211,-0.310314,-0.279793,-0.0721762,0.000457923-0.000157441i,0.000870731
0.0204211,-0.241355,-0.217616,-0.0721762,0.000438338-0.000163096i,0.000856313
0.0204211,-0.172397,-0.15544,-0.0721762,0.00041628-0.000167064i,0.00125059
0.0204211,-0.103438,-0.0932642,-0.0721762,0.000391794-0.000169301i,0.00211284
0.0204211,-0.0344793,-0.0310881,-0.0721762,0.000364931-0.00016977i,0.00357572
0.0204211,0.0344793,0.0310881,-0.0721762,0.000335752-0.000168444i,0.00582413
0.0204211,0.103438,0.0932642,-0.0721762,0.000304322-0.000165302i,0.00908781
0.0204211,0.172397,0.15544,-0.0721762,0.000270716-0.000160338i,0.0136449
0.0204211,0.241355,0.217616,-0.0721762,0.00023501-0.000153554i,0.019837
0.0204211,0.310314,0.279793,-0.0721762,0.00019729-0.000144962i,0.0281001
0.0204211,0.379272,0.341969,-0.0721762,0.000157642-0.000134591i,0.039021
0.0204211,0.448231,0.404145,-0.0721762,0.000116155-0.000122478i,0.053441
0.0204211,0.51719,0.466321,-0.0721762,7.29194e-05-0.000108677i,0.0726522
0.0204211,0.586148,0.528497,-0.0721762,2.80217e-05-9.32557e-05i,0.0987995
0.0204211,0.655107,0.590673,-0.0721762,-1.84591e-05-7.62984e-05i,0.135786
0.0204211,0.724066,0.652849,-0.0721762,-6.64581e-05-5.79042e-05i,0.191619
0.0204211,0.793024,0.715025,-0.0721762,-0.000115936-3.81888e-05i,0.285845
0.0204211,0.861983,0.777202,-0.0721762,-0.000166901-1.72839e-05i,0.482202
0.0204211,0.930941,0.839378,-0.0721762,-0.000219447+4.66285e-06i,1.16758
0.0204211,0.9999,0.901554,-0.0721762,-0.000273936+2.74664e-05i,6.29283e+08
0.0236579,-0.9999,-0.904414,-0.0836165,0.000458302-2.82598e-05i,8.82436e+09
0.0236579,-0.930941,-0.84204,-0.0836165,0.000468704-4.55249e-05i,1.85978
0.0236579,-0.861983,-0.779667,-0.0836165,0.000476907-6.21945e-05i,0.38328
0.0236579,-0.793024,-0.717294,-0.0836165,0.000482701-7.79777e-05i,0.140175
0.0236579,-0.724066,-0.65492,-0.0836165,0.000485975-9.27094e-05i,0.0611356
0.0236579,-0.655107,-0.592547,-0.0836165,0.000486657-0.000106263i,0.0286618
0.0236579,-0.586148,-0.530174,-0.0836165,0.0004847-0.000118536i,0.0138862
0.0236579,-0.51719,-0.4678,-0.0836165,0.000480072-0.000129438i,0.00685529
0.0236579,-0.448231,-0.405427,-0.0836165,0.000472758-0.000138892i,0.0034652
0.0236579,-0.379272,-0.343053,-0.0836165,0.000462751-0.000146832i,0.00186111
0.0236579,-0.310314,-0.28068,-0.0836165,0.000450059-0.000153201i,0.00118759
0.0236579,-0.241355,-0.218307,-0.0836165,0.000434696-0.000157951i,0.00108163
0.0236579,-0.172397,-0.155933,-0.0836165,0.000416686-0.000161041i,0.00144274
0.0236579,-0.103438,-0.09356,-0.0836165,0.000396059-0.00016244i,0.00232004
0.0236579,-0.0344793,-0.0311867,-0.0836165,0.000372856-0.000162125i,0.00385442
0.0236579,0.0344793,0.0311867,-0.0836165,0.000347123-0.000160085i,0.0062493
0.0236579,0.103438,0.09356,-0.0836165,0.000318913-0.000156314i,0.00975894
0.0236579,0.172397,0.155933,-0.0836165,0.000288287-0.000150819i,0.0146898
0.0236579,0.241355,0.218307,-0.0836165,0.00025531-0.000143618i,0.0214154
0.0236579,0.310314,0.28068,-0.0836165,0.000220053-0.000134738i,0.0304082
0.0236579,0.379272,0.343053,-0.0836165,0.000182592-0.00012422i,0.0423004
0.0236579,0.448231,0.405427,-0.0836165,0.000143005-0.000112115i,0.0579945
0.0236579,0.51719,0.4678,-0.0836165,0.00010137-9.84885e-05i,0.0788753
0.0236579,0.586148,0.530174,-0.0836165,5.77648e-05-8.34199e-05i,0.107244
0.0236579,0.655107,0.592547,-0.0836165,1.22588e-05-6.70005e-05i,0.147299
0.0236579,0.724066,0.65492,-0.0836165,-3.50907e-05-4.93353e-05i,0.207686
0.0236579,0.793024,0.717294,-0.0836165,-8.42506e-05-3.05406e-05i,0.309641
0.0236579,0.861983,0.779667,-0.0836165,-0.000135231-1.07417e-05i,0.523198
0.0236579,0.930941,0.84204,-0.0836165,-0.000188128+9.93266e-06i,1.28788
0.0236579,0.9999,0.904414,-0.0836165,-0.00024329+3.13539e-05i,2.15588e+09
0.0268947,-0.9999,-0.907273,-0.0950568,0.000398373-3.15911e-05i,1.96507e+10
0.0268947,-0.930941,-0.844703,-0.0950568,0.000414111-4.833e-05i,2.67326
0.0268947,-0.861983,-0.782132,-0.0950568,0.000427596-6.43924e-05i,0.519703
0.0268947,-0.793024,-0.719562,-0.0950568,0.000438623-7.9493e-05i,0.185725
0.0268947,-0.724066,-0.656991,-0.0950568,0.000447075-9.34741e-05i,0.0800076
0.0268947,-0.655107,-0.594421,-0.0950568,0.000452871-0.000106219i,0.0372015
0.0268947,-0.586148,-0.53185,-0.0950568,0.000455953-0.000117633i,0.0179044
0.0268947,-0.51719,-0.469279,-0.0950568,0.000456277-0.000127638i,0.00878646
0.0268947,-0.448231,-0.406709,-0.0950568,0.000453815-0.000136171i,0.00441625
0.0268947,-0.379272,-0.344138,-0.0950568,0.000448547-0.000143176i,0.00235268
0.0268947,-0.310314,-0.281568,-0.0950568,0.000440464-0.000148611i,0.00146718
0.0268947,-0.241355,-0.218997,-0.0950568,0.000429565-0.00015244i,0.0012708
0.0268947,-0.172397,-0.156426,-0.0950568,0.000415858-0.000154639i,0.00161168
0.0268947,-0.103438,-0.0938559,-0.0950568,0.000399359-0.000155189i,0.00252725
0.0268947,-0.0344793,-0.0312853,-0.0950568,0.000380089-0.000154085i,0.00416829
0.0268947,0.0344793,0.0312853,-0.0950568,0.000358081-0.000151328i,0.00676006
0.0268947,0.103438,0.0938559,-0.0950568,0.00033337-0.000146929i,0.0105852
0.0268947,0.172397,0.156426,-0.0950568,0.000306-0.000140911i,0.0159827
0.0268947,0.241355,0.218997,-0.0950568,0.000276023-0.000133304i,0.0233618
0.0268947,0.310314,0.281568,-0.0950568,0.000243492-0.000124153i,0.0332359
0.0268947,0.379272,0.344138,-0.0950568,0.000208468-0.00011351i,0.0462865
0.0268947,0.448231,0.406709,-0.0950568,0.000171015-0.000101443i,0.0634828
0.0268947,0.51719,0.469279,-0.0950568,0.000131198-8.80277e-05i,0.0863096
0.0268947,0.586148,0.53185,-0.0950568,8.90819e-05-7.33543e-05i,0.117236
0.0268947,0.655107,0.594421,-0.0950568,4.47257e-05-5.7523e-05i,0.160776
0.0268947,0.724066,0.656991,-0.0950568,-1.82222e-06-4.0644e-05i,0.226257
0.0268947,0.793024,0.719562,-0.0950568,-5.05347e-05-2.28342e-05i,0.336707
0.0268947,0.861983,0.782132,-0.0950568,-0.000101424-4.21252e-06i,0.568874
0.0268947,0.930941,0.844703,-0.0950568,-0.00015458+1.51122e-05i,1.42125
0.0268947,0.9999,0.907273,-0.0950568,-0.000210328+3.50694e-05i,4.70687e+09
0.0301316,-0.9999,-0.910133,-0.106497,0.000335666-3.47517e-05i,3.84712e+10
0.0301316,-0.930941,-0.847365,-0.106497,0.000356663-5.09486e-05i,3.77361
0.0301316,-0.861983,-0.784598,-0.106497,0.000375393-6.63862e-05i,0.694627
0.0301316,-0.793024,-0.72183,-0.106497,0.000391652-8.07855e-05i,0.242465
0.0301316,-0.724066,-0.659062,-0.106497,0.00040532-9.39968e-05i,0.103051
0.0301316,-0.655107,-0.596294,-0.106497,0.000416305-0.000105912i,0.0474517
0.0301316,-0.586148,-0.533526,-0.106497,0.000424537-0.000116448i,0.0226422
0.0301316,-0.51719,-0.470759,-0.106497,0.000429957-0.000125538i,0.0110168
0.0301316,-0.448231,-0.407991,-0.106497,0.00043252-0.00013313i,0.00548879
0.0301316,-0.379272,-0.345223,-0.106497,0.00043219-0.000139184i,0.00289594
0.0301316,-0.310314,-0.282455,-0.106497,0.000428939-0.000143669i,0.00177721
0.0301316,-0.241355,-0.219687,-0.106497,0.000422749-0.000146564i,0.00149181
0.0301316,-0.172397,-0.15692,-0.106497,0.000413607-0.00014786i,0.00182641
0.0301316,-0.103438,-0.0941517,-0.106497,0.000401509-0.000147555i,0.00280445
0.0301316,-0.0344793,-0.0313839,-0.106497,0.000386459-0.000145656i,0.0045882
0.0301316,0.0344793,0.0313839,-0.106497,0.000368466-0.000142181i,0.00742805
0.0301316,0.103438,0.0941517,-0.106497,0.000347548-0.000137158i,0.011639
0.0301316,0.172397,0.15692,-0.106497,0.000323728-0.000130623i,0.0175961
0.0301316,0.241355,0.219687,-0.106497,0.000297036-0.000122625i,0.0257482
0.0301316,0.310314,0.282455,-0.106497,0.00026751-0.00011322i,0.0366522
0.0301316,0.379272,0.345223,-0.106497,0.00023519-0.000102478i,0.0510416
0.0301316,0.448231,0.407991,-0.106497,0.000200122-9.04786e-05i,0.0699542
0.0301316,0.51719,0.470759,-0.106497,0.000162355-7.73115e-05i,0.0949771
0.0301316,0.586148,0.533526,-0.106497,0.000121939-6.3077e-05i,0.12875
0.0301316,0.655107,0.596294,-0.106497,7.89207e-05-4.78841e-05i,0.176106
0.0301316,0.724066,0.659062,-0.106497,3.33377e-05-3.18485e-05i,0.247062
0.0301316,0.793024,0.72183,-0.106497,-1.47884e-05-1.50879e-05i,0.366451
0.0301316,0.861983,0.784598,-0.106497,-6.54695e-05+2.28598e-06i,0.617888
0.0301316,0.930941,0.847365,-0.106497,-0.000118785+2.01845e-05i,1.56481
0.0301316,0.9999,0.910133,-0.106497,-0.000175021+3.8597e-05i,8.76341e+09
0.0333684,-0.9999,-0.912993,-0.117937,0.000270232-3.77273e-05i,6.91083e+10
0.0333684,-0.930941,-0.850028,-0.117937,0.000296359-5.33668e-05i,5.24233
0.0333684,-0.861983,-0.787063,-0.117937,0.000320247-6.81629e-05i,0.917802
0.0333684,-0.793024,-0.724098,-0.117937,0.000341699-8.18435e-05i,0.313055
0.0333684,-0.724066,-0.661133,-0.117937,0.000360586-9.42668e-05i,0.131229
0.0333684,-0.655107,-0.598168,-0.117937,0.000376807-0.000105335i,0.0598088
0.0333684,-0.586148,-0.535203,-0.117937,0.000390275-0.000114974i,0.0282771
0.0333684,-0.51719,-0.472238,-0.117937,0.000400916-0.000123131i,0.013633
0.0333684,-0.448231,-0.409273,-0.117937,0.000408665-0.000129767i,0.00673223
0.0333684,-0.379272,-0.346308,-0.117937,0.000413465-0.000134853i,0.0035258
0.0333684,-0.310314,-0.283343,-0.117937,0.000415268-0.000138374i,0.00214808
0.0333684,-0.241355,-0.220378,-0.117937,0.000414031-0.000140325i,0.00177485
0.0333684,-0.172397,-0.157413,-0.117937,0.000409721-0.000140709i,0.00211888
0.0333684,-0.103438,-0.0944476,-0.117937,0.000402309-0.000139541i,0.0031865
0.0333684,-0.0344793,-0.0314825,-0.117937,0.000391773-0.000136845i,0.00515287
0.0333684,0.0344793,0.0314825,-0.117937,0.000378101-0.000132654i,0.00829686
0.0333684,0.103438,0.0944476,-0.117937,0.000361284-0.000127011i,0.0129697
0.0333684,0.172397,0.157413,-0.117937,0.000341322-0.00011997i,0.0195865
0.0333684,0.241355,0.220378,-0.117937,0.000318221-0.000111594i,0.0286382
0.0333684,0.310314,0.283343,-0.117937,0.000291995-0.000101957i,0.0407273
0.0333684,0.379272,0.346308,-0.117937,0.000262662-9.11412e-05i,0.0566398
0.0333684,0.448231,0.409273,-0.117937,0.000230247-7.92411e-05i,0.0774813
0.0333684,0.51719,0.472238,-0.117937,0.000194778-6.63596e-05i,0.104938
0.0333684,0.586148,0.535203,-0.117937,0.000156289-5.2608e-05i,0.141815
0.0333684,0.655107,0.598168,-0.117937,0.000114809-3.81042e-05i,0.193252
0.0333684,0.724066,0.661133,-0.117937,7.03663e-05-2.29691e-05i,0.269923
0.0333684,0.793024,0.724098,-0.117937,2.2976e-05-7.32116e-06i,0.398395
0.0333684,0.861983,0.787063,-0.117937,-2.73712e-05+8.73511e-06i,0.669034
0.0333684,0.930941,0.850028,-0.117937,-8.07385e-05+2.51321e-05i,1.71657
0.0333684,0.9999,0.912993,-0.117937,-0.000137355+4.19205e-05i,1.50155e+10
0.0366053,-0.9999,-0.915853,-0.129378,0.000202144-4.05035e-05i,1.16601e+11
0.0366053,-0.930941,-0.852691,-0.129378,0.000233211-5.55711e-05i,7.17885
0.0366053,-0.861983,-0.789528,-0.129378,0.000262118-6.971e-05i,1.20101
0.0366053,-0.793024,-0.726366,-0.129378,0.000288674-8.26554e-05i,0.400692
0.0366053,-0.724066,-0.663204,-0.129378,0.000312745-9.4274e-05i,0.165689
0.0366053,-0.655107,-0.600042,-0.129378,0.000334214-0.000104477i,0.0747382
0.0366053,-0.586148,-0.536879,-0.129378,0.00035298-0.000113204i,0.0350094
0.0366053,-0.51719,-0.473717,-0.129378,0.000368946-0.000120413i,0.0167255
0.0366053,-0.448231,-0.410555,-0.129378,0.000382026-0.000126077i,0.00819047
0.0366053,-0.379272,-0.347392,-0.129378,0.00039214-0.000130182i,0.00426773
0.0366053,-0.310314,-0.28423,-0.129378,0.000399213-0.000132729i,0.00259923
0.0366053,-0.241355,-0.221068,-0.129378,0.000403177-0.000133725i,0.00213898
0.0366053,-0.172397,-0.157906,-0.129378,0.000403968-0.000133191i,0.00251057
0.0366053,-0.103438,-0.0947434,-0.129378,0.000401532-0.000131157i,0.00369912
0.0366053,-0.0344793,-0.0315811,-0.129378,0.000395818-0.000127663i,0.00589392
0.0366053,0.0344793,0.0315811,-0.129378,0.000386784-0.000122759i,0.00940579
0.0366053,0.103438,0.0947434,-0.129378,0.000374392-0.000116505i,0.0146262
0.0366053,0.172397,0.157906,-0.129378,0.000358613-0.000108969i,0.0220138
0.0366053,0.241355,0.221068,-0.129378,0.000339426-0.000100232i,0.032104
0.0366053,0.310314,0.28423,-0.129378,0.000316814-9.03832e-05i,0.0455455
0.0366053,0.379272,0.347392,-0.129378,0.00029077-7.95206e-05i,0.0631756
0.0366053,0.448231,0.410555,-0.129378,0.000261293-6.77525e-05i,0.0861633
0.0366053,0.51719,0.473717,-0.129378,0.000228388-5.51949e-05i,0.116286
0.0366053,0.586148,0.536879,-0.129378,0.000192066-4.19704e-05i,0.156497
0.0366053,0.655107,0.600042,-0.129378,0.00015234-2.8206e-05i,0.212213
0.0366053,0.724066,0.663204,-0.129378,0.000109226-1.4028e-05i,0.294698
0.0366053,0.793024,0.726366,-0.129378,6.27313e-05+4.44744e-07i,0.432079
0.0366053,0.861983,0.789528,-0.129378,1.2853e-05+1.5115e-05i,0.721103
0.0366053,0.930941,0.852691,-0.129378,-4.04485e-05+2.99367e-05i,1.87547
0.0366053,0.9999,0.915853,-0.129378,-9.73259e-05+4.50235e-05i,2.44474e+10
0.0398421,-0.9999,-0.918713,-0.140818,0.000131496-4.3066e-05i,1.87479e+11
0.0398421,-0.930941,-0.855353,-0.140818,0.000167245-5.75478e-05i,9.70377
0.0398421,-0.861983,-0.791994,-0.140818,0.000200971-7.10148e-05i,1.55845
0.0398421,-0.793024,-0.728634,-0.140818,0.000232491-8.32099e-05i,0.509207
0.0398421,-0.724066,-0.665275,-0.140818,0.000261664-9.40085e-05i,0.207802
0.0398421,-0.655107,-0.601915,-0.140818,0.000288358-0.000103333i,0.0927956
0.0398421,-0.586148,-0.538556,-0.140818,0.00031245-0.000111133i,0.0430769
0.0398421,-0.51719,-0.475196,-0.140818,0.000333823-0.000117379i,0.0203994
0.0398421,-0.448231,-0.411837,-0.140818,0.000352364-0.000122059i,0.00991293
0.0398421,-0.379272,-0.348477,-0.140818,0.000367963-0.000125173i,0.00514854
0.0398421,-0.310314,-0.285118,-0.140818,0.000380517-0.000126735i,0.00314985
0.0398421,-0.241355,-0.221758,-0.140818,0.000389925-0.000126771i,0.00260276
0.0398421,-0.172397,-0.158399,-0.140818,0.000396093-0.000125315i,0.00302307
0.0398421,-0.103438,-0.0950392,-0.140818,0.000398931-0.000122414i,0.00436939
0.0398421,-0.0344793,-0.0316797,-0.140818,0.000398357-0.000118124i,0.00684612
0.0398421,0.0344793,0.0316797,-0.140818,0.000394291-0.000112513i,0.0107997
0.0398421,0.103438,0.0950392,-0.140818,0.000386664-0.000105656i,0.0166658
0.0398421,0.172397,0.158399,-0.140818,0.000375412-9.76397e-05i,0.0249499
0.0398421,0.241355,0.221758,-0.140818,0.000360478-8.856e-05i,0.0362338
0.0398421,0.310314,0.285118,-0.140818,0.000341814-7.85223e-05i,0.0512115
0.0398421,0.379272,0.348477,-0.140818,0.00031938-6.76407e-05i,0.0707679
0.0398421,0.448231,0.411837,-0.140818,0.000293145-5.60378e-05i,0.0961275
0.0398421,0.51719,0.475196,-0.140818,0.000263086-4.38427e-05i,0.129144
0.0398421,0.586148,0.538556,-0.140818,0.000229189-3.11897e-05i,0.172893
0.0398421,0.655107,0.601915,-0.140818,0.000191447-1.82146e-05i,0.233015
0.0398421,0.724066,0.665275,-0.140818,0.00014986-5.04934e-06i,0.321251
0.0398421,0.793024,0.728634,-0.140818,0.000104433+8.1869e-06i,0.467014
0.0398421,0.861983,0.791994,-0.140818,5.51688e-05+2.14046e-05i,0.772813
0.0398421,0.930941,0.855353,-0.140818,2.05956e-06+3.45797e-05i,2.04195
0.0398421,0.9999,0.918713,-0.140818,-5.49485e-05+4.78898e-05i,3.84525e+10
0.0430789,-0.9999,-0.921572,-0.152258,5.84109e-05-4.54003e-05i,2.90081e+11
0.0430789,-0.930941,-0.858016,-0.152258,9.85071e-05-5.92834e-05i,12.9626
0.0430789,-0.861983,-0.794459,-0.152258,0.000136784-7.2065e-05i,2.00712
0.0430789,-0.793024,-0.730902,-0.152258,0.000173069-8.34961e-05i,0.643188
0.0430789,-0.724066,-0.667346,-0.152258,0.00020721-9.34613e-05i,0.259213
0.0430789,-0.655107,-0.603789,-0.152258,0.000239061-0.000101893i,0.114647
0.0430789,-0.586148,-0.540232,-0.152258,0.000268476-0.000108754i,0.0527666
0.0430789,-0.51719,-0.476675,-0.152258,0.000295309-0.000114027i,0.0247832
0.0430789,-0.448231,-0.413119,-0.152258,0.000319417-0.000117713i,0.0119605
0.0430789,-0.379272,-0.349562,-0.152258,0.000340659-0.000119828i,0.00620157
0.0430789,-0.310314,-0.286005,-0.152258,0.000358896-0.0001204i,0.00382385
0.0430789,-0.241355,-0.222449,-0.152258,0.000373991-0.000119471i,0.0031892
0.0430789,-0.172397,-0.158892,-0.152258,0.000385812-0.000117091i,0.00368298
0.0430789,-0.103438,-0.0953351,-0.152258,0.000394231-0.000113325i,0.0052306
0.0430789,-0.0344793,-0.0317784,-0.152258,0.000399123-0.000108245i,0.00805229
0.0430789,0.0344793,0.0317784,-0.152258,0.000400372-0.000101934i,0.0125337
0.0430789,0.103438,0.0953351,-0.152258,0.000397866-9.44863e-05i,0.0191591
0.0430789,0.172397,0.158892,-0.152258,0.000391501-8.6005e-05i,0.0284836
0.0430789,0.241355,0.222449,-0.152258,0.00038118-7.66026e-05i,0.0411361
0.0430789,0.310314,0.286005,-0.152258,0.000366817-6.64008e-05i,0.0578541
0.0430789,0.379272,0.349562,-0.152258,0.000348334-5.55294e-05i,0.0795634
0.0430789,0.448231,0.413119,-0.152258,0.000325664-4.41256e-05i,0.107531
0.0430789,0.51719,0.476675,-0.152258,0.000298752-3.23321e-05i,0.143666
0.0430789,0.586148,0.540232,-0.152258,0.000267554-2.02946e-05i,0.191125
0.0430789,0.655107,0.603789,-0.152258,0.000232041-8.15801e-06i,0.255698
0.0430789,0.724066,0.667346,-0.152258,0.000192196+3.94021e-06i,0.349438
0.0430789,0.793024,0.730902,-0.152258,0.000148019+1.58806e-05i,0.502653
0.0430789,0.861983,0.794459,-0.152258,9.95226e-05+2.75815e-05i,0.822795
0.0430789,0.930941,0.858016,-0.152258,4.67414e-05+3.90415e-05i,2.21884
0.0430789,0.9999,0.921572,-0.152258,-1.02551e-05+5.05032e-05i,5.89868e+10
0.0463158,-0.9999,-0.924432,-0.163699,-1.69605e-05-4.74923e-05i,4.3493e+11
0.0463158,-0.930941,-0.860678,-0.163699,2.7063e-05-6.07648e-05i,17.1302
0.0463158,-0.861983,-0.796924,-0.163699,6.95459e-05-7.28488e-05i,2.5674
0.0463158,-0.793024,-0.73317,-0.163699,0.000110328-8.35039e-05i,0.808109
0.0463158,-0.724066,-0.669416,-0.163699,0.000149248-9.26242e-05i,0.321882
0.0463158,-0.655107,-0.605662,-0.163699,0.00018614-0.000100153i,0.141091
0.0463158,-0.586148,-0.541909,-0.163699,0.00022083-0.000106065i,0.0644248
0.0463158,-0.51719,-0.478155,-0.163699,0.000253145-0.000110356i,0.0300341
0.0463158,-0.448231,-0.414401,-0.163699,0.000282905-0.000113041i,0.0144095
0.0463158,-0.379272,-0.350647,-0.163699,0.000309931-0.000114152i,0.00747003
0.0463158,-0.310314,-0.286893,-0.163699,0.000334044-0.000113731i,0.00465281
0.0463158,-0.241355,-0.223139,-0.163699,0.000355065-0.000111836i,0.00392851
0.0463158,-0.172397,-0.159385,-0.163699,0.000372817-0.000108535i,0.00452471
0.0463158,-0.103438,-0.0956309,-0.163699,0.000387127-0.000103907i,0.0063252
0.0463158,-0.0344793,-0.031877,-0.163699,0.000397825-9.80436e-05i,0.00956634
0.0463158,0.0344793,0.031877,-0.163699,0.000404747-9.10445e-05i,0.0146768
0.0463158,0.103438,0.0956309,-0.163699,0.000407734-8.30207e-05i,0.0221934
0.0463158,0.172397,0.159385,-0.163699,0.000406636-7.40924e-05i,0.0327238
0.0463158,0.241355,0.223139,-0.163699,0.000401309-6.43894e-05i,0.0469439
0.0463158,0.310314,0.286893,-0.163699,0.000391621-5.40495e-05i,0.0656305
0.0463158,0.379272,0.350647,-0.163699,0.00037745-4.32185e-05i,0.0897401
0.0463158,0.448231,0.414401,-0.163699,0.000358689-3.20484e-05i,0.120566
0.0463158,0.51719,0.478155,-0.163699,0.000335244-2.06954e-05i,0.160037
0.0463158,0.586148,0.541909,-0.163699,0.000307037-9.31695e-06i,0.211341
0.0463158,0.655107,0.605662,-0.163699,0.000274013+1.93307e-06i,0.28031
0.0463158,0.724066,0.669416,-0.163699,0.000236137+1.29117e-05i,0.379092
0.0463158,0.793024,0.73317,-0.163699,0.000193402+2.34993e-05i,0.538378
0.0463158,0.861983,0.796924,-0.163699,0.000145839+3.36223e-05i,0.869619
0.0463158,0.930941,0.860678,-0.163699,9.35312e-05+4.33022e-05i,2.41273
0.0463158,0.9999,0.924432,-0.163699,3.67007e-05+5.28475e-05i,8.87716e+10
0.0495526,-0.9999,-0.927292,-0.175139,-9.44342e-05-4.93282e-05i,6.35173e+11
0.0495526,-0.930941,-0.863341,-0.175139,-4.69995e-05-6.19792e-05i,22.4157
0.0495526,-0.861983,-0.79939,-0.175139,-7.4057e-07-7.33549e-05i,3.26353
0.0495526,-0.793024,-0.735438,-0.175139,4.4196e-05-8.32238e-05i,1.01049
0.0495526,-0.724066,-0.671487,-0.175139,8.7639e-05-9.14897e-05i,0.398147
0.0495526,-0.655107,-0.607536,-0.175139,0.0001294-9.8107e-05i,0.173083
0.0495526,-0.586148,-0.543585,-0.175139,0.000169276-0.000103063i,0.0784697
0.0495526,-0.51719,-0.479634,-0.175139,0.000207057-0.000106366i,0.0363447
0.0495526,-0.448231,-0.415683,-0.175139,0.000242525-0.000108047i,0.017356
0.0495526,-0.379272,-0.351731,-0.175139,0.000275456-0.000108151i,0.00900977
0.0495526,-0.310314,-0.28778,-0.175139,0.000305625-0.000106738i,0.00567825
0.0495526,-0.241355,-0.223829,-0.175139,0.000332804-0.00010388i,0.0048603
0.0495526,-0.172397,-0.159878,-0.175139,0.000356766-9.96619e-05i,0.00559273
0.0495526,-0.103438,-0.0959268,-0.175139,0.000377285-9.41811e-05i,0.00770718
0.0495526,-0.0344793,-0.0319756,-0.175139,0.000394137-8.75449e-05i,0.011456
0.0495526,0.0344793,0.0319756,-0.175139,0.000407106-7.98713e-05i,0.0173145
0.0495526,0.103438,0.0959268,-0.175139,0.000415976-7.12883e-05i,0.0258765
0.0495526,0.172397,0.159878,-0.175139,0.000420543-6.19335e-05i,0.0378042
0.0495526,0.241355,0.223829,-0.175139,0.00042061-5.19536e-05i,0.0538192
0.0495526,0.310314,0.28778,-0.175139,0.000415993-4.15032e-05i,0.0747305
0.0495526,0.379272,0.351731,-0.175139,0.000406518-3.07438e-05i,0.101512
0.0495526,0.448231,0.415683,-0.175139,0.00039203-1.98424e-05i,0.135458
0.0495526,0.51719,0.479634,-0.175139,0.000372391-8.96883e-06i,0.178479
0.0495526,0.586148,0.543585,-0.175139,0.000347486+1.70792e-06i,0.233716
0.0495526,0.655107,0.607536,-0.175139,0.000317227+1.20248e-05i,0.306911
0.0495526,0.724066,0.671487,-0.175139,0.000281561+2.18335e-05i,0.41002
0.0495526,0.793024,0.735438,-0.175139,0.000240475+3.10144e-05i,0.573488
0.0495526,0.861983,0.79939,-0.175139,0.000194019+3.95021e-05i,0.911856
0.0495526,0.930941,0.863341,-0.175139,0.000142339+4.73413e-05i,2.63596
0.0495526,0.9999,0.927292,-0.175139,8.58407e-05+5.49072e-05i,1.31557e+11
0.0527895,-0.9999,-0.930152,-0.186579,-0.00017379-5.08945e-05i,9.07091e+11
0.0527895,-0.930941,-0.866003,-0.186579,-0.000123567-6.29144e-05i,29.0684
0.0527895,-0.861983,-0.801855,-0.186579,-7.40576e-05-7.35726e-05i,4.12438
0.0527895,-0.793024,-0.737707,-0.186579,-2.53932e-05-8.26471e-05i,1.25807
0.0527895,-0.724066,-0.673558,-0.186579,2.22439e-05-9.00515e-05i,0.490791
0.0527895,-0.655107,-0.60941,-0.186579,6.86401e-05-9.57518e-05i,0.211764
0.0527895,-0.586148,-0.545261,-0.186579,0.00011356-9.97471e-05i,0.0954042
0.0527895,-0.51719,-0.481113,-0.186579,0.000156751-0.000102061i,0.04395
0.0527895,-0.448231,-0.416965,-0.186579,0.00019795-0.000102737i,0.0209197
0.0527895,-0.379272,-0.352816,-0.186579,0.000236884-0.000101836i,0.0108922
0.0527895,-0.310314,-0.288668,-0.186579,0.000273274-9.94339e-05i,0.00695403
0.0527895,-0.241355,-0.224519,-0.186579,0.000306836-9.5619e-05i,0.00603577
0.0527895,-0.172397,-0.160371,-0.186579,0.000337285-9.04935e-05i,0.00694376
0.0527895,-0.103438,-0.0962226,-0.186579,0.000364335-8.41709e-05i,0.00944449
0.0527895,-0.0344793,-0.0320742,-0.186579,0.000387701-7.67763e-05i,0.0138055
0.0527895,0.0344793,0.0320742,-0.186579,0.000407102-6.8445e-05i,0.0205526
0.0527895,0.103438,0.0962226,-0.186579,0.000422263-5.93226e-05i,0.0303403
0.0527895,0.172397,0.160371,-0.186579,0.000432914-4.95642e-05i,0.0438871
0.0527895,0.241355,0.224519,-0.186579,0.000438798-3.93334e-05i,0.0619572
0.0527895,0.310314,0.288668,-0.186579,0.000439669-2.88014e-05i,0.0853826
0.0527895,0.379272,0.352816,-0.186579,0.000435296-1.81458e-05i,0.115136
0.0527895,0.448231,0.416965,-0.186579,0.000425468-7.54844e-06i,0.152479
0.0527895,0.51719,0.481113,-0.186579,0.000409996+2.80736e-06i,0.199252
0.0527895,0.586148,0.545261,-0.186579,0.000388722+1.27409e-05i,0.258456
0.0527895,0.655107,0.60941,-0.186579,0.000361522+2.20801e-05i,0.335564
0.0527895,0.724066,0.673558,-0.186579,0.000328319+3.06715e-05i,0.441994
0.0527895,0.793024,0.737707,-0.186579,0.000289099+3.83953e-05i,0.607202
0.0527895,0.861983,0.801855,-0.186579,0.000243935+4.51947e-05i,0.948191
0.0527895,0.930941,0.866003,-0.186579,0.000193046+5.11378e-05i,2.90929
0.0527895,0.9999,0.930152,-0.186579,0.000137059+5.6667e-05i,1.92462e+11
0.0560263,-0.9999,-0.933012,-0.198019,-0.000254767-5.21782e-05i,1.27069e+12
0.0560263,-0.930941,-0.868666,-0.198019,-0.000202496-6.35588e-05i,37.3845
0.0560263,-0.861983,-0.80432,-0.198019,-0.00015037-7.34922e-05i,5.18416
0.0560263,-0.793024,-0.739975,-0.198019,-9.84982e-05-8.17663e-05i,1.56004
0.0560263,-0.724066,-0.675629,-0.198019,-4.70775e-05-8.83048e-05i,0.603113
0.0560263,-0.655107,-0.611283,-0.198019,3.65078e-06-9.30853e-05i,0.258492
0.0560263,-0.586148,-0.546938,-0.198019,5.34126e-05-9.61195e-05i,0.115832
0.0560263,-0.51719,-0.482592,-0.198019,0.00010191-9.74449e-05i,0.0531361
0.0560263,-0.448231,-0.418247,-0.198019,0.000148828-9.71197e-05i,0.0252491
0.0560263,-0.379272,-0.353901,-0.198019,0.000193836-9.52196e-05i,0.0132077
0.0560263,-0.310314,-0.289555,-0.198019,0.000236594-9.18361e-05i,0.00854899
0.0560263,-0.241355,-0.22521,-0.198019,0.000276755-8.70747e-05i,0.00752013
0.0560263,-0.172397,-0.160864,-0.198019,0.000313966-8.10541e-05i,0.00864931
0.0560263,-0.103438,-0.0965184,-0.198019,0.000347872-7.3905e-05i,0.0116219
0.0560263,-0.0344793,-0.0321728,-0.198019,0.00037812-6.57696e-05i,0.0167189
0.0560263,0.0344793,0.0321728,-0.198019,0.000404355-5.6801e-05i,0.0245204
0.0560263,0.103438,0.0965184,-0.198019,0.00042623-4.71622e-05i,0.0357453
0.0560263,0.172397,0.160864,-0.198019,0.000443406-3.70255e-05i,0.051169
0.0560263,0.241355,0.22521,-0.198019,0.000455552-2.65717e-05i,0.0715933
0.0560263,0.310314,0.289555,-0.198019,0.000462352-1.59887e-05i,0.0978603
0.0560263,0.379272,0.353901,-0.198019,0.000463511-5.46983e-06i,0.130917
0.0560263,0.448231,0.418247,-0.198019,0.000458751+4.78815e-06i,0.171952
0.0560263,0.51719,0.482592,-0.198019,0.000447829+1.45885e-05i,0.222663
0.0560263,0.586148,0.546938,-0.198019,0.000430533+2.37388e-05i,0.285797
0.0560263,0.655107,0.611283,-0.198019,0.000406702+3.20584e-05i,0.366344
0.0560263,0.724066,0.675629,-0.198019,0.000376233+3.93883e-05i,0.474756
0.0560263,0.793024,0.739975,-0.198019,0.000339107+4.56092e-05i,0.638668
0.0560263,0.861983,0.80432,-0.198019,0.000295427+5.06727e-05i,0.977592
0.0560263,0.930941,0.868666,-0.198019,0.000245502+5.46706e-05i,3.26565
0.0560263,0.9999,0.933012,-0.198019,0.00019022+5.81122e-05i,2.78415e+11
0.0592632,-0.9999,-0.935871,-0.20946,-0.000337058-5.31673e-05i,1.75039e+12
0.0592632,-0.930941,-0.871328,-0.20946,-0.000283614-6.39017e-05i,47.7146
0.0592632,-0.861983,-0.806786,-0.20946,-0.000229621-7.31049e-05i,6.48336
0.0592632,-0.793024,-0.742243,-0.20946,-0.000175168-8.05749e-05i,1.92727
0.0592632,-0.724066,-0.6777,-0.20946,-0.000120466-8.6246e-05i,0.739028
0.0592632,-0.655107,-0.613157,-0.20946,-6.5787e-05-9.01072e-05i,0.314885
0.0592632,-0.586148,-0.548614,-0.20946,-1.1449e-05-9.21833e-05i,0.140477
0.0592632,-0.51719,-0.484071,-0.20946,4.21982e-05-9.25253e-05i,0.0642496
0.0592632,-0.448231,-0.419529,-0.20946,9.47796e-05-9.1206e-05i,0.0305269
0.0592632,-0.379272,-0.354986,-0.20946,0.000145901-8.83166e-05i,0.0160694
0.0592632,-0.310314,-0.290443,-0.20946,0.000195153-8.39643e-05i,0.0105501
0.0592632,-0.241355,-0.2259,-0.20946,0.000242115-7.82712e-05i,0.00939553
0.0592632,-0.172397,-0.161357,-0.20946,0.000286358-7.13725e-05i,0.0107987
0.0592632,-0.103438,-0.0968143,-0.20946,0.000327451-6.34162e-05i,0.0143443
0.0592632,-0.0344793,-0.0322714,-0.20946,0.000364956-5.45619e-05i,0.020324
0.0592632,0.0344793,0.0322714,-0.20946,0.00039844-4.49799e-05i,0.0293756
0.0592632,0.103438,0.0968143,-0.20946,0.000427473-3.48506e-05i,0.0422859
0.0592632,0.172397,0.161357,-0.20946,0.000451633-2.43638e-05i,0.0598867
0.0592632,0.241355,0.2259,-0.20946,0.000470509-1.37172e-05i,0.0830098
0.0592632,0.310314,0.290443,-0.20946,0.000483705-3.11503e-06i,0.11249
0.0592632,0.379272,0.354986,-0.20946,0.000490848+7.23344e-06i,0.149217
0.0592632,0.448231,0.419529,-0.20946,0.000491591+1.71168e-05i,0.194255
0.0592632,0.51719,0.484071,-0.20946,0.000485622+2.6325e-05i,0.249074
0.0592632,0.586148,0.548614,-0.20946,0.000472674+3.46543e-05i,0.316019
0.0592632,0.655107,0.613157,-0.20946,0.000452539+4.19152e-05i,0.399336
0.0592632,0.724066,0.6777,-0.20946,0.000425086+4.79438e-05i,0.508013
0.0592632,0.793024,0.742243,-0.20946,0.000390295+5.2621e-05i,0.666992
0.0592632,0.861983,0.806786,-0.20946,0.000348302+5.59073e-05i,0.999568
0.0592632,0.930941,0.871328,-0.20946,0.000299523+5.79178e-05i,3.75506
0.0592632,0.9999,0.935871,-0.20946,0.000245149+5.92289e-05i,3.98709e+11
0.0625,-0.9999,-0.938731,-0.2209,-0.000420307-5.38503e-05i,2.37582e+12
0.0625,-0.930941,-0.873991,-0.2209,-0.000366709-6.39333e-05i,60.4729
0.0625,-0.861983,-0.809251,-0.2209,-0.000311733-7.2403e-05i,8.06983
0.0625,-0.793024,-0.744511,-0.2209,-0.000255442-7.90681e-05i,2.3726
0.0625,-0.724066,-0.679771,-0.2209,-0.000198062-8.38733e-05i,0.903166
0.0625,-0.655107,-0.615031,-0.2209,-0.000139901-8.68195e-05i,0.382863
0.0625,-0.586148,-0.550291,-0.2209,-8.13264e-05-8.79441e-05i,0.170204
0.0625,-0.51719,-0.485551,-0.2209,-2.27466e-05-8.73122e-05i,0.0777094
0.0625,-0.448231,-0.420811,-0.2209,3.53964e-05-8.50109e-05i,0.0369776
0.0625,-0.379272,-0.35607,-0.2209,9.26349e-05-8.11468e-05i,0.0196182
0.0625,-0.310314,-0.29133,-0.2209,0.000148481-7.58428e-05i,0.0130664
0.0625,-0.241355,-0.22659,-0.2209,0.000202432-6.92373e-05i,0.0117646
0.0625,-0.172397,-0.16185,-0.2209,0.000253972-6.14823e-05i,0.0135025
0.0625,-0.103438,-0.0971101,-0.2209,0.00030258-5.27428e-05i,0.0177404
0.0625,-0.0344793,-0.03237,-0.2209,0.000347728-4.31953e-05i,0.0247768
0.0625,0.0344793,0.03237,-0.2209,0.00038889-3.30276e-05i,0.0353098
0.0625,0.103438,0.0971101,-0.2209,0.000425542-2.24375e-05i,0.0501971
0.0625,0.172397,0.16185,-0.2209,0.000457168-1.16315e-05i,0.0703248
0.0625,0.241355,0.22659,-0.2209,0.000483265-8.24254e-07i,0.0965448
0.0625,0.310314,0.29133,-0.2209,0.000503348+9.76368e-06i,0.129662
0.0625,0.379272,0.35607,-0.2209,0.000516956+1.99076e-05i,0.170468
0.0625,0.448231,0.420811,-0.2209,0.000523658+2.93815e-05i,0.219839
0.0625,0.51719,0.485551,-0.2209,0.00052307+3.79624e-05i,0.27891
0.0625,0.586148,0.550291,-0.2209,0.000514858+4.54353e-05i,0.349448
0.0625,0.655107,0.615031,-0.2209,0.000498764+5.16022e-05i,0.434644
0.0625,0.724066,0.679771,-0.2209,0.000474626+5.62944e-05i,0.541452
0.0625,0.793024,0.744511,-0.2209,0.00044242+5.93933e-05i,0.691273
0.0625,0.861983,0.809251,-0.2209,0.000402327+6.08683e-05i,1.01452
0.0625,0.930941,0.873991,-0.2209,0.000354883+6.08578e-05i,4.4512
0.0625,0.9999,0.938731,-0.2209,0.000301634+6.00045e-05i,5.65706e+11
