tau,z,PK,QQ,scattering_amp,|scattering_amp|2
0.0078125,-0.001,-0.000890503,-0.0276125,0.0042425+0.00218798i,-0.00228634
0.0078125,-0.000857143,-0.000763288,-0.0276125,0.00424215+0.00218764i,-0.00228096
0.0078125,-0.000714286,-0.000636074,-0.0276125,0.00424181+0.0021873i,-0.00227558
0.0078125,-0.000571429,-0.000508859,-0.0276125,0.00424146+0.00218696i,-0.00227019
0.0078125,-0.000428571,-0.000381644,-0.0276125,0.00424111+0.00218662i,-0.0022648
0.0078125,-0.000285714,-0.000254429,-0.0276125,0.00424076+0.00218628i,-0.0022594
0.0078125,-0.000142857,-0.000127215,-0.0276125,0.00424042+0.00218594i,-0.002254
0.0078125,0,0,-0.0276125,0.00424007+0.0021856i,-0.00224859
0.0078125,0.000142857,0.000127215,-0.0276125,0.00423972+0.00218526i,-0.00224318
0.0078125,0.000285714,0.000254429,-0.0276125,0.00423937+0.00218492i,-0.00223776
0.0078125,0.000428571,0.000381644,-0.0276125,0.00423903+0.00218458i,-0.00223235
0.0078125,0.000571429,0.000508859,-0.0276125,0.00423868+0.00218424i,-0.00222692
0.0078125,0.000714286,0.000636074,-0.0276125,0.00423833+0.0021839i,-0.00222149
0.0078125,0.000857143,0.000763288,-0.0276125,0.00423798+0.00218356i,-0.00221606
0.0078125,0.001,0.000890503,-0.0276125,0.00423763+0.00218322i,-0.00221062
0.0117188,-0.001,-0.000893955,-0.0414187,0.00468573+0.00275418i,0.00158118
0.0117188,-0.000857143,-0.000766247,-0.0414187,0.00468543+0.00275379i,0.00158577
0.0117188,-0.000714286,-0.000638539,-0.0414187,0.00468512+0.00275339i,0.00159036
0.0117188,-0.000571429,-0.000510831,-0.0414187,0.00468481+0.002753i,0.00159495
0.0117188,-0.000428571,-0.000383123,-0.0414187,0.0046845+0.00275261i,0.00159955
0.0117188,-0.000285714,-0.000255416,-0.0414187,0.00468419+0.00275222i,0.00160415
0.0117188,-0.000142857,-0.000127708,-0.0414187,0.00468388+0.00275182i,0.00160876
0.0117188,0,0,-0.0414187,0.00468357+0.00275143i,0.00161337
0.0117188,0.000142857,0.000127708,-0.0414187,0.00468326+0.00275104i,0.00161798
0.0117188,0.000285714,0.000255416,-0.0414187,0.00468296+0.00275064i,0.00162259
0.0117188,0.000428571,0.000383123,-0.0414187,0.00468265+0.00275025i,0.00162721
0.0117188,0.000571429,0.000510831,-0.0414187,0.00468234+0.00274986i,0.00163183
0.0117188,0.000714286,0.000638539,-0.0414187,0.00468203+0.00274946i,0.00163646
0.0117188,0.000857143,0.000766247,-0.0414187,0.00468172+0.00274907i,0.00164109
0.0117188,0.001,0.000893955,-0.0414187,0.00468141+0.00274868i,0.00164572
0.015625,-0.001,-0.000897406,-0.055225,0.00526203+0.00315775i,0.0037425
0.015625,-0.000857143,-0.000769205,-0.055225,0.00526177+0.00315733i,0.0037469
0.015625,-0.000714286,-0.000641004,-0.055225,0.0052615+0.00315691i,0.0037513
0.015625,-0.000571429,-0.000512804,-0.055225,0.00526124+0.00315648i,0.00375571
0.015625,-0.000428571,-0.000384603,-0.055225,0.00526097+0.00315606i,0.00376012
0.015625,-0.000285714,-0.000256402,-0.055225,0.00526071+0.00315564i,0.00376454
0.015625,-0.000142857,-0.000128201,-0.055225,0.00526044+0.00315522i,0.00376896
0.015625,0,0,-0.055225,0.00526018+0.0031548i,0.00377338
0.015625,0.000142857,0.000128201,-0.055225,0.00525991+0.00315437i,0.00377781
0.015625,0.000285714,0.000256402,-0.055225,0.00525965+0.00315395i,0.00378224
0.015625,0.000428571,0.000384603,-0.055225,0.00525938+0.00315353i,0.00378667
0.015625,0.000571429,0.000512804,-0.055225,0.00525912+0.0031531i,0.00379111
0.015625,0.000714286,0.000641004,-0.055225,0.00525885+0.00315268i,0.00379555
0.015625,0.000857143,0.000769205,-0.055225,0.00525859+0.00315226i,0.00379999
0.015625,0.001,0.000897406,-0.055225,0.00525832+0.00315184i,0.00380444
0.0195312,-0.001,-0.000900858,-0.0690312,0.0059845+0.00343926i,0.0044558
0.0195312,-0.000857143,-0.000772164,-0.0690312,0.00598428+0.00343883i,0.00446035
0.0195312,-0.000714286,-0.00064347,-0.0690312,0.00598407+0.0034384i,0.00446491
0.0195312,-0.000571429,-0.000514776,-0.0690312,0.00598385+0.00343797i,0.00446947
0.0195312,-0.000428571,-0.000386082,-0.0690312,0.00598364+0.00343754i,0.00447403
0.0195312,-0.000285714,-0.000257388,-0.0690312,0.00598342+0.00343711i,0.0044786
0.0195312,-0.000142857,-0.000128694,-0.0690312,0.0059832+0.00343668i,0.00448317
0.0195312,0,0,-0.0690312,0.00598299+0.00343625i,0.00448774
0.0195312,0.000142857,0.000128694,-0.0690312,0.00598277+0.00343582i,0.00449232
0.0195312,0.000285714,0.000257388,-0.0690312,0.00598255+0.00343539i,0.0044969
0.0195312,0.000428571,0.000386082,-0.0690312,0.00598234+0.00343496i,0.00450148
0.0195312,0.000571429,0.000514776,-0.0690312,0.00598212+0.00343453i,0.00450607
0.0195312,0.000714286,0.00064347,-0.0690312,0.0059819+0.00343409i,0.00451066
0.0195312,0.000857143,0.000772164,-0.0690312,0.00598169+0.00343366i,0.00451526
0.0195312,0.001,0.000900858,-0.0690312,0.00598147+0.00343323i,0.00451986
0.0234375,-0.001,-0.000904309,-0.0828375,0.0068685+0.00361584i,0.00487196
0.0234375,-0.000857143,-0.000775122,-0.0828375,0.00686834+0.00361542i,0.00487684
0.0234375,-0.000714286,-0.000645935,-0.0828375,0.00686818+0.00361501i,0.00488174
0.0234375,-0.000571429,-0.000516748,-0.0828375,0.00686802+0.00361459i,0.00488663
0.0234375,-0.000428571,-0.000387561,-0.0828375,0.00686786+0.00361417i,0.00489154
0.0234375,-0.000285714,-0.000258374,-0.0828375,0.0068677+0.00361375i,0.00489644
0.0234375,-0.000142857,-0.000129187,-0.0828375,0.00686754+0.00361333i,0.00490135
0.0234375,0,0,-0.0828375,0.00686738+0.00361291i,0.00490627
0.0234375,0.000142857,0.000129187,-0.0828375,0.00686722+0.0036125i,0.00491118
0.0234375,0.000285714,0.000258374,-0.0828375,0.00686705+0.00361208i,0.00491611
0.0234375,0.000428571,0.000387561,-0.0828375,0.00686689+0.00361166i,0.00492103
0.0234375,0.000571429,0.000516748,-0.0828375,0.00686673+0.00361124i,0.00492596
0.0234375,0.000714286,0.000645935,-0.0828375,0.00686657+0.00361082i,0.0049309
0.0234375,0.000857143,0.000775122,-0.0828375,0.0068664+0.0036104i,0.00493584
0.0234375,0.001,0.000904309,-0.0828375,0.00686624+0.00360998i,0.00494078
0.0273438,-0.001,-0.000907761,-0.0966438,0.00793178+0.00369437i,0.00535619
0.0273438,-0.000857143,-0.000778081,-0.0966438,0.00793169+0.00369398i,0.00536157
0.0273438,-0.000714286,-0.000648401,-0.0966438,0.00793159+0.0036936i,0.00536696
0.0273438,-0.000571429,-0.000518721,-0.0966438,0.00793149+0.00369322i,0.00537234
0.0273438,-0.000428571,-0.00038904,-0.0966438,0.00793139+0.00369283i,0.00537774
0.0273438,-0.000285714,-0.00025936,-0.0966438,0.00793128+0.00369245i,0.00538313
0.0273438,-0.000142857,-0.00012968,-0.0966438,0.00793118+0.00369206i,0.00538854
0.0273438,0,0,-0.0966438,0.00793108+0.00369167i,0.00539394
0.0273438,0.000142857,0.00012968,-0.0966438,0.00793098+0.00369129i,0.00539936
0.0273438,0.000285714,0.00025936,-0.0966438,0.00793088+0.0036909i,0.00540477
0.0273438,0.000428571,0.00038904,-0.0966438,0.00793078+0.00369052i,0.00541019
0.0273438,0.000571429,0.000518721,-0.0966438,0.00793068+0.00369013i,0.00541562
0.0273438,0.000714286,0.000648401,-0.0966438,0.00793057+0.00368975i,0.00542105
0.0273438,0.000857143,0.000778081,-0.0966438,0.00793047+0.00368936i,0.00542649
0.0273438,0.001,0.000907761,-0.0966438,0.00793037+0.00368897i,0.00543193
0.03125,-0.001,-0.000911212,-0.11045,0.00919448+0.00367623i,0.00603644
0.03125,-0.000857143,-0.000781039,-0.11045,0.00919445+0.0036759i,0.00604246
0.03125,-0.000714286,-0.000650866,-0.11045,0.00919442+0.00367557i,0.00604849
0.03125,-0.000571429,-0.000520693,-0.11045,0.00919439+0.00367524i,0.00605453
0.03125,-0.000428571,-0.00039052,-0.11045,0.00919435+0.00367491i,0.00606057
0.03125,-0.000285714,-0.000260346,-0.11045,0.00919432+0.00367458i,0.00606661
0.03125,-0.000142857,-0.000130173,-0.11045,0.00919428+0.00367425i,0.00607266
0.03125,0,0,-0.11045,0.00919425+0.00367393i,0.00607872
0.03125,0.000142857,0.000130173,-0.11045,0.00919421+0.0036736i,0.00608478
0.03125,0.000285714,0.000260346,-0.11045,0.00919418+0.00367327i,0.00609085
0.03125,0.000428571,0.00039052,-0.11045,0.00919414+0.00367294i,0.00609692
0.03125,0.000571429,0.000520693,-0.11045,0.00919411+0.00367261i,0.006103
0.03125,0.000714286,0.000650866,-0.11045,0.00919407+0.00367228i,0.00610908
0.03125,0.000857143,0.000781039,-0.11045,0.00919403+0.00367195i,0.00611517
0.03125,0.001,0.000911212,-0.11045,0.009194+0.00367162i,0.00612126
0.0351562,-0.001,-0.000914664,-0.124256,0.0106793+0.00355939i,0.00698148
0.0351562,-0.000857143,-0.000783998,-0.124256,0.0106793+0.00355914i,0.00698833
0.0351562,-0.000714286,-0.000653331,-0.124256,0.0106794+0.00355889i,0.00699518
0.0351562,-0.000571429,-0.000522665,-0.124256,0.0106794+0.00355864i,0.00700204
0.0351562,-0.000428571,-0.000391999,-0.124256,0.0106795+0.0035584i,0.0070089
0.0351562,-0.000285714,-0.000261333,-0.124256,0.0106795+0.00355815i,0.00701577
0.0351562,-0.000142857,-0.000130666,-0.124256,0.0106795+0.0035579i,0.00702264
0.0351562,0,0,-0.124256,0.0106796+0.00355765i,0.00702952
0.0351562,0.000142857,0.000130666,-0.124256,0.0106796+0.0035574i,0.00703641
0.0351562,0.000285714,0.000261333,-0.124256,0.0106796+0.00355716i,0.0070433
0.0351562,0.000428571,0.000391999,-0.124256,0.0106797+0.00355691i,0.0070502
0.0351562,0.000571429,0.000522665,-0.124256,0.0106797+0.00355666i,0.00705711
0.0351562,0.000714286,0.000653331,-0.124256,0.0106797+0.00355641i,0.00706402
0.0351562,0.000857143,0.000783998,-0.124256,0.0106798+0.00355616i,0.00707094
0.0351562,0.001,0.000914664,-0.124256,0.0106798+0.00355591i,0.00707786
0.0390625,-0.001,-0.000918116,-0.138063,0.0124116+0.00333942i,0.00825566
0.0390625,-0.000857143,-0.000786956,-0.138063,0.0124117+0.00333929i,0.00826354
0.0390625,-0.000714286,-0.000655797,-0.138063,0.0124118+0.00333915i,0.00827141
0.0390625,-0.000571429,-0.000524637,-0.138063,0.012412+0.00333901i,0.0082793
0.0390625,-0.000428571,-0.000393478,-0.138063,0.0124121+0.00333887i,0.00828719
0.0390625,-0.000285714,-0.000262319,-0.138063,0.0124122+0.00333873i,0.00829509
0.0390625,-0.000142857,-0.000131159,-0.138063,0.0124123+0.00333859i,0.008303
0.0390625,0,0,-0.138063,0.0124124+0.00333845i,0.00831091
0.0390625,0.000142857,0.000131159,-0.138063,0.0124126+0.00333831i,0.00831883
0.0390625,0.000285714,0.000262319,-0.138063,0.0124127+0.00333817i,0.00832676
0.0390625,0.000428571,0.000393478,-0.138063,0.0124128+0.00333803i,0.0083347
0.0390625,0.000571429,0.000524637,-0.138063,0.0124129+0.00333789i,0.00834264
0.0390625,0.000714286,0.000655797,-0.138063,0.012413+0.00333775i,0.00835059
0.0390625,0.000857143,0.000786956,-0.138063,0.0124131+0.00333761i,0.00835854
0.0390625,0.001,0.000918116,-0.138063,0.0124132+0.00333747i,0.00836651
0.0429688,-0.001,-0.000921567,-0.151869,0.0144198+0.00301006i,0.00993831
0.0429688,-0.000857143,-0.000789915,-0.151869,0.01442+0.00301006i,0.00994746
0.0429688,-0.000714286,-0.000658262,-0.151869,0.0144202+0.00301006i,0.00995661
0.0429688,-0.000571429,-0.00052661,-0.151869,0.0144204+0.00301006i,0.00996578
0.0429688,-0.000428571,-0.000394957,-0.151869,0.0144206+0.00301006i,0.00997495
0.0429688,-0.000285714,-0.000263305,-0.151869,0.0144208+0.00301006i,0.00998413
0.0429688,-0.000142857,-0.000131652,-0.151869,0.014421+0.00301006i,0.00999332
0.0429688,0,0,-0.151869,0.0144212+0.00301006i,0.0100025
0.0429688,0.000142857,0.000131652,-0.151869,0.0144214+0.00301006i,0.0100117
0.0429688,0.000285714,0.000263305,-0.151869,0.0144216+0.00301006i,0.0100209
0.0429688,0.000428571,0.000394957,-0.151869,0.0144218+0.00301005i,0.0100302
0.0429688,0.000571429,0.00052661,-0.151869,0.014422+0.00301005i,0.0100394
0.0429688,0.000714286,0.000658262,-0.151869,0.0144222+0.00301005i,0.0100486
0.0429688,0.000857143,0.000789915,-0.151869,0.0144224+0.00301005i,0.0100579
0.0429688,0.001,0.000921567,-0.151869,0.0144226+0.00301005i,0.0100671
0.046875,-0.001,-0.000925019,-0.165675,0.0167354+0.00256344i,0.0121333
0.046875,-0.000857143,-0.000792873,-0.165675,0.0167357+0.00256361i,0.012144
0.046875,-0.000714286,-0.000660728,-0.165675,0.016736+0.00256378i,0.0121547
0.046875,-0.000571429,-0.000528582,-0.165675,0.0167363+0.00256396i,0.0121655
0.046875,-0.000428571,-0.000396437,-0.165675,0.0167366+0.00256413i,0.0121762
0.046875,-0.000285714,-0.000264291,-0.165675,0.0167369+0.0025643i,0.012187
0.046875,-0.000142857,-0.000132146,-0.165675,0.0167372+0.00256447i,0.0121978
0.046875,0,0,-0.165675,0.0167375+0.00256465i,0.0122086
0.046875,0.000142857,0.000132146,-0.165675,0.0167378+0.00256482i,0.0122194
0.046875,0.000285714,0.000264291,-0.165675,0.0167381+0.00256499i,0.0122302
0.046875,0.000428571,0.000396437,-0.165675,0.0167384+0.00256516i,0.012241
0.046875,0.000571429,0.000528582,-0.165675,0.0167387+0.00256533i,0.0122518
0.046875,0.000714286,0.000660728,-0.165675,0.0167389+0.0025655i,0.0122626
0.046875,0.000857143,0.000792873,-0.165675,0.0167392+0.00256567i,0.0122735
0.046875,0.001,0.000925019,-0.165675,0.0167395+0.00256584i,0.0122843
0.0507812,-0.001,-0.00092847,-0.179481,0.0193935+0.00199029i,0.0149764
0.0507812,-0.000857143,-0.000795832,-0.179481,0.0193939+0.00199067i,0.0149891
0.0507812,-0.000714286,-0.000663193,-0.179481,0.0193943+0.00199105i,0.0150018
0.0507812,-0.000571429,-0.000530554,-0.179481,0.0193947+0.00199144i,0.0150145
0.0507812,-0.000428571,-0.000397916,-0.179481,0.0193951+0.00199182i,0.0150272
0.0507812,-0.000285714,-0.000265277,-0.179481,0.0193955+0.0019922i,0.0150399
0.0507812,-0.000142857,-0.000132639,-0.179481,0.0193959+0.00199259i,0.0150526
0.0507812,0,0,-0.179481,0.0193963+0.00199297i,0.0150653
0.0507812,0.000142857,0.000132639,-0.179481,0.0193967+0.00199335i,0.0150781
0.0507812,0.000285714,0.000265277,-0.179481,0.0193971+0.00199373i,0.0150908
0.0507812,0.000428571,0.000397916,-0.179481,0.0193975+0.00199412i,0.0151036
0.0507812,0.000571429,0.000530554,-0.179481,0.0193979+0.0019945i,0.0151164
0.0507812,0.000714286,0.000663193,-0.179481,0.0193982+0.00199488i,0.0151292
0.0507812,0.000857143,0.000795832,-0.179481,0.0193986+0.00199526i,0.015142
0.0507812,0.001,0.00092847,-0.179481,0.019399+0.00199564i,0.0151548
0.0546875,-0.001,-0.000931922,-0.193287,0.022433+0.00127999i,0.0186433
0.0546875,-0.000857143,-0.00079879,-0.193287,0.0224335+0.00128062i,0.0186583
0.0546875,-0.000714286,-0.000665658,-0.193287,0.022434+0.00128126i,0.0186734
0.0546875,-0.000571429,-0.000532527,-0.193287,0.0224346+0.0012819i,0.0186885
0.0546875,-0.000428571,-0.000399395,-0.193287,0.0224351+0.00128253i,0.0187036
0.0546875,-0.000285714,-0.000266263,-0.193287,0.0224356+0.00128317i,0.0187187
0.0546875,-0.000142857,-0.000133132,-0.193287,0.0224361+0.0012838i,0.0187339
0.0546875,0,0,-0.193287,0.0224366+0.00128444i,0.018749
0.0546875,0.000142857,0.000133132,-0.193287,0.0224371+0.00128507i,0.0187642
0.0546875,0.000285714,0.000266263,-0.193287,0.0224376+0.00128571i,0.0187793
0.0546875,0.000428571,0.000399395,-0.193287,0.0224381+0.00128634i,0.0187945
0.0546875,0.000571429,0.000532527,-0.193287,0.0224386+0.00128698i,0.0188097
0.0546875,0.000714286,0.000665658,-0.193287,0.0224391+0.00128761i,0.0188249
0.0546875,0.000857143,0.00079879,-0.193287,0.0224396+0.00128825i,0.0188401
0.0546875,0.001,0.000931922,-0.193287,0.0224401+0.00128888i,0.0188554
0.0585938,-0.001,-0.000935373,-0.207094,0.0258972+0.000420585i,0.0233587
0.0585938,-0.000857143,-0.000801749,-0.207094,0.0258979+0.000421522i,0.0233768
0.0585938,-0.000714286,-0.000668124,-0.207094,0.0258985+0.000422459i,0.0233948
0.0585938,-0.000571429,-0.000534499,-0.207094,0.0258991+0.000423396i,0.0234128
0.0585938,-0.000428571,-0.000400874,-0.207094,0.0258997+0.000424333i,0.0234309
0.0585938,-0.000285714,-0.00026725,-0.207094,0.0259003+0.000425269i,0.023449
0.0585938,-0.000142857,-0.000133625,-0.207094,0.025901+0.000426205i,0.0234671
0.0585938,0,0,-0.207094,0.0259016+0.000427141i,0.0234852
0.0585938,0.000142857,0.000133625,-0.207094,0.0259022+0.000428077i,0.0235033
0.0585938,0.000285714,0.00026725,-0.207094,0.0259028+0.000429013i,0.0235214
0.0585938,0.000428571,0.000400874,-0.207094,0.0259034+0.000429948i,0.0235395
0.0585938,0.000571429,0.000534499,-0.207094,0.0259041+0.000430884i,0.0235577
0.0585938,0.000714286,0.000668124,-0.207094,0.0259047+0.000431819i,0.0235759
0.0585938,0.000857143,0.000801749,-0.207094,0.0259053+0.000432754i,0.0235941
0.0585938,0.001,0.000935373,-0.207094,0.0259059+0.000433688i,0.0236123
0.0625,-0.001,-0.000938825,-0.2209,0.029834-0.000601211i,0.0294085
0.0625,-0.000857143,-0.000804707,-0.2209,0.0298348-0.000599921i,0.0294301
0.0625,-0.000714286,-0.000670589,-0.2209,0.0298355-0.000598631i,0.0294518
0.0625,-0.000571429,-0.000536471,-0.2209,0.0298363-0.00059734i,0.0294735
0.0625,-0.000428571,-0.000402354,-0.2209,0.029837-0.00059605i,0.0294951
0.0625,-0.000285714,-0.000268236,-0.2209,0.0298378-0.000594761i,0.0295168
0.0625,-0.000142857,-0.000134118,-0.2209,0.0298385-0.000593471i,0.0295385
0.0625,0,0,-0.2209,0.0298392-0.000592182i,0.0295603
0.0625,0.000142857,0.000134118,-0.2209,0.02984-0.000590893i,0.029582
0.0625,0.000285714,0.000268236,-0.2209,0.0298407-0.000589604i,0.0296038
0.0625,0.000428571,0.000402354,-0.2209,0.0298415-0.000588315i,0.0296256
0.0625,0.000571429,0.000536471,-0.2209,0.0298422-0.000587026i,0.0296474
0.0625,0.000714286,0.000670589,-0.2209,0.0298429-0.000585738i,0.0296692
0.0625,0.000857143,0.000804707,-0.2209,0.0298437-0.00058445i,0.029691
0.0625,0.001,0.000938825,-0.2209,0.0298444-0.000583162i,0.0297129
